@4000
00 00 00 00 00 00 00 00 00 00 00 00 00 00 00 00 
00 00 00 00 00 00 00 00 00 00 00 00 00 00 00 00 
00 00 00 00 00 00 00 00 00 00 00 00 00 00 00 00 
00 00 00 00 00 00 00 00 00 00 00 00 00 00 00 00 
00 00 00 00 00 00 00 00 00 00 00 00 00 00 00 00 
00 00 00 00 00 00 00 00 00 00 00 00 00 00 00 00 
00 00 00 00 00 00 00 00 00 00 00 00 00 00 00 00 
00 00 00 00 00 00 00 00 00 00 00 00 00 00 00 00 
00 00 00 00 00 00 00 00 00 00 00 00 00 00 00 00 
00 00 00 00 00 00 00 00 00 00 00 00 00 00 00 00 
00 00 00 00 00 00 00 00 00 00 00 00 00 00 00 00 
00 00 00 00 00 00 00 00 00 00 00 00 00 00 00 00 
00 00 00 00 00 00 00 00 00 00 00 00 00 00 00 00 
00 00 00 00 00 00 00 00 00 00 00 00 00 00 00 00 
00 00 00 00 00 00 00 00 00 00 00 00 00 00 00 00 
00 00 00 00 00 00 00 00 00 00 00 00 00 00 00 00 
00 00 00 00 00 00 00 00 00 00 00 00 00 00 00 00 
00 00 00 00 00 00 00 00 00 00 00 00 00 00 00 00 
00 00 00 00 00 00 00 00 00 00 00 00 00 00 00 00 
00 00 00 00 00 00 00 00 00 00 00 00 00 00 00 00 
00 00 00 00 00 00 00 00 00 00 00 00 00 00 00 00 
00 00 00 00 00 00 00 00 00 00 00 00 00 00 00 00 
00 00 00 00 00 00 00 00 00 00 00 00 00 00 00 00 
00 00 00 00 00 00 00 00 00 00 00 00 00 00 00 00 
00 00 00 00 00 00 00 00 00 00 00 00 00 00 00 00 
00 00 00 00 00 00 00 00 00 00 00 00 00 00 00 00 
00 00 00 00 00 00 00 00 00 00 00 00 00 00 00 00 
00 00 00 00 00 00 00 00 00 00 00 00 00 00 00 00 
00 00 00 00 00 00 00 00 00 00 00 00 00 00 00 00 
00 00 00 00 00 00 00 00 00 00 00 00 00 00 00 00 
00 00 00 00 00 00 00 00 00 00 00 00 00 00 00 00 
00 00 00 00 00 00 00 00 00 00 00 00 00 00 00 00 
00 00 00 00 00 00 00 00 00 00 00 00 00 00 00 00 
00 00 00 00 00 00 00 00 00 00 00 00 00 00 00 00 
00 00 00 00 00 00 00 00 00 00 00 00 00 00 00 00 
00 00 00 00 00 00 00 00 00 00 00 00 00 00 00 00 
00 00 00 00 00 00 00 00 00 00 00 00 00 00 00 00 
00 00 00 00 00 00 00 00 00 00 00 00 00 00 00 00 
00 00 00 00 00 00 00 00 00 00 00 00 00 00 00 00 
00 00 00 00 00 00 00 00 00 00 00 00 00 00 00 00 
00 00 00 00 00 00 00 00 00 00 00 00 00 00 00 00 
00 00 00 00 00 00 00 00 00 00 00 00 00 00 00 00 
00 00 00 00 00 00 00 00 00 00 00 00 00 00 00 00 
00 00 00 00 00 00 00 00 00 00 00 00 00 00 00 00 
00 00 00 00 00 00 00 00 00 00 00 00 00 00 00 00 
00 00 00 00 00 00 00 00 00 00 00 00 00 00 00 00 
00 00 00 00 00 00 00 00 00 00 00 00 00 00 00 00 
00 00 00 00 00 00 00 00 00 00 00 00 00 00 00 00 
00 00 00 00 00 00 00 00 00 00 00 00 00 00 00 00 
00 00 00 00 00 00 00 00 00 00 00 00 00 00 00 00 
00 00 00 00 00 00 00 00 00 00 00 00 00 00 00 00 
00 00 00 00 00 00 00 00 00 00 00 00 00 00 00 00 
00 00 00 00 00 00 00 00 00 00 00 00 00 00 00 00 
00 00 00 00 00 00 00 00 00 00 00 00 00 00 00 00 
00 00 00 00 00 00 00 00 00 00 00 00 00 00 00 00 
00 00 00 00 00 00 00 00 00 00 00 00 00 00 00 00 
00 00 00 00 00 00 00 00 00 00 00 00 00 00 00 00 
00 00 00 00 00 00 00 00 00 00 00 00 00 00 00 00 
00 00 00 00 00 00 00 00 00 00 00 00 00 00 00 00 
00 00 00 00 00 00 00 00 00 00 00 00 00 00 00 00 
00 00 00 00 00 00 00 00 00 00 00 00 00 00 00 00 
00 00 00 00 00 00 00 00 00 00 00 00 00 00 00 00 
00 00 00 00 00 00 00 00 00 00 00 00 00 00 00 00 
00 00 00 00 00 00 00 00 00 00 00 00 00 00 00 00 
00 00 00 00 00 00 00 00 00 00 00 00 00 00 00 00 
00 00 00 00 00 00 00 00 00 00 00 00 00 00 00 00 
00 00 00 00 00 00 00 00 00 00 00 00 00 00 00 00 
00 00 00 00 00 00 00 00 00 00 00 00 00 00 00 00 
00 00 00 00 00 00 00 00 00 00 00 00 00 00 00 00 
00 00 00 00 00 00 00 00 00 00 00 00 00 00 00 00 
00 00 00 00 00 00 00 00 00 00 00 00 00 00 00 00 
00 00 00 00 00 00 00 00 00 00 00 00 00 00 00 00 
00 00 00 00 00 00 00 00 00 00 00 00 00 00 00 00 
00 00 00 00 00 00 00 00 00 00 00 00 00 00 00 00 
00 00 00 00 00 00 00 00 00 00 00 00 00 00 00 00 
00 00 00 00 00 00 00 00 00 00 00 00 00 00 00 00 
00 00 00 00 00 00 00 00 00 00 00 00 00 00 00 00 
00 00 00 00 00 00 00 00 00 00 00 00 00 00 00 00 
00 00 00 00 00 00 00 00 00 00 00 00 00 00 00 00 
00 00 00 00 00 00 00 00 00 00 00 00 00 00 00 00 
00 00 00 00 00 00 00 00 00 00 00 00 00 00 00 00 
00 00 00 00 00 00 00 00 00 00 00 00 00 00 00 00 
00 00 00 00 00 00 00 00 00 00 00 00 00 00 00 00 
00 00 00 00 00 00 00 00 00 00 00 00 00 00 00 00 
00 00 00 00 00 00 00 00 00 00 00 00 00 00 00 00 
00 00 00 00 00 00 00 00 00 00 00 00 00 00 00 00 
00 00 00 00 00 00 00 00 00 00 00 00 00 00 00 00 
00 00 00 00 00 00 00 00 00 00 00 00 00 00 00 00 
00 00 00 00 00 00 00 00 00 00 00 00 00 00 00 00 
00 00 00 00 00 00 00 00 00 00 00 00 00 00 00 00 
00 00 00 00 00 00 00 00 00 00 00 00 00 00 00 00 
00 00 00 00 00 00 00 00 00 00 00 00 00 00 00 00 
00 00 00 00 00 00 00 00 00 00 00 00 00 00 00 00 
00 00 00 00 00 00 00 00 00 00 00 00 00 00 00 00 
00 00 00 00 00 00 00 00 00 00 00 00 00 00 00 00 
00 00 00 00 00 00 00 00 00 00 00 00 00 00 00 00 
00 00 00 00 00 00 00 00 00 00 00 00 00 00 00 00 
00 00 00 00 00 00 00 00 00 00 00 00 00 00 00 00 
00 00 00 00 00 00 00 00 00 00 00 00 00 00 00 00 
00 00 00 00 00 00 00 00 00 00 00 00 00 00 00 00 
00 00 00 00 00 00 00 00 00 00 00 00 00 00 00 00 
00 00 00 00 00 00 00 00 00 00 00 00 00 00 00 00 
00 00 00 00 00 00 00 00 00 00 00 00 00 00 00 00 
00 00 00 00 00 00 00 00 00 00 00 00 00 00 00 00 
00 00 00 00 00 00 00 00 00 00 00 00 00 00 00 00 
00 00 00 00 00 00 00 00 00 00 00 00 00 00 00 00 
00 00 00 00 00 00 00 00 00 00 00 00 00 00 00 00 
00 00 00 00 00 00 00 00 00 00 00 00 00 00 00 00 
00 00 00 00 00 00 00 00 00 00 00 00 00 00 00 00 
00 00 00 00 00 00 00 00 00 00 00 00 00 00 00 00 
00 00 00 00 00 00 00 00 00 00 00 00 00 00 00 00 
00 00 00 00 00 00 00 00 00 00 00 00 00 00 00 00 
00 00 00 00 00 00 00 00 00 00 00 00 00 00 00 00 
00 00 00 00 00 00 00 00 00 00 00 00 00 00 00 00 
00 00 00 00 00 00 00 00 00 00 00 00 00 00 00 00 
00 00 00 00 00 00 00 00 00 00 00 00 00 00 00 00 
00 00 00 00 00 00 00 00 00 00 00 00 00 00 00 00 
00 00 00 00 00 00 00 00 00 00 00 00 00 00 00 00 
00 00 00 00 00 00 00 00 00 00 00 00 00 00 00 00 
00 00 00 00 00 00 00 00 00 00 00 00 00 00 00 00 
00 00 00 00 00 00 00 00 00 00 00 00 00 00 00 00 
00 00 00 00 00 00 00 00 00 00 00 00 00 00 00 00 
00 00 00 00 00 00 00 00 00 00 00 00 00 00 00 00 
00 00 00 00 00 00 00 00 00 00 00 00 00 00 00 00 
00 00 00 00 00 00 00 00 00 00 00 00 00 00 00 00 
00 00 00 00 00 00 00 00 00 00 00 00 00 00 00 00 
00 00 00 00 00 00 00 00 00 00 00 00 00 00 00 00 
00 00 00 00 00 00 00 00 00 00 00 00 00 00 00 00 
00 00 00 00 00 00 00 00 00 00 00 00 00 00 00 00 
00 00 00 00 00 00 00 00 00 00 00 00 00 00 00 00 
00 00 00 00 00 00 00 00 00 00 00 00 00 00 00 00 
00 00 00 00 00 00 00 00 00 00 00 00 00 00 00 00 
00 00 00 00 00 00 00 00 00 00 00 00 00 00 00 00 
00 00 00 00 00 00 00 00 00 00 00 00 00 00 00 00 
00 00 00 00 00 00 00 00 00 00 00 00 00 00 00 00 
00 00 00 00 00 00 00 00 00 00 00 00 00 00 00 00 
00 00 00 00 00 00 00 00 00 00 00 00 00 00 00 00 
00 00 00 00 00 00 00 00 00 00 00 00 00 00 00 00 
00 00 00 00 00 00 00 00 00 00 00 00 00 00 00 00 
00 00 00 00 00 00 00 00 00 00 00 00 00 00 00 00 
00 00 00 00 00 00 00 00 00 00 00 00 00 00 00 00 
00 00 00 00 00 00 00 00 00 00 00 00 00 00 00 00 
00 00 00 00 00 00 00 00 00 00 00 00 00 00 00 00 
00 00 00 00 00 00 00 00 00 00 00 00 00 00 00 00 
00 00 00 00 00 00 00 00 00 00 00 00 00 00 00 00 
00 00 00 00 00 00 00 00 00 00 00 00 00 00 00 00 
00 00 00 00 00 00 00 00 00 00 00 00 00 00 00 00 
00 00 00 00 00 00 00 00 00 00 00 00 00 00 00 00 
00 00 00 00 00 00 00 00 00 00 00 00 00 00 00 00 
00 00 00 00 00 00 00 00 00 00 00 00 00 00 00 00 
00 00 00 00 00 00 00 00 00 00 00 00 00 00 00 00 
00 00 00 00 00 00 00 00 00 00 00 00 00 00 00 00 
00 00 00 00 00 00 00 00 00 00 00 00 00 00 00 00 
00 00 00 00 00 00 00 00 00 00 00 00 00 00 00 00 
00 00 00 00 00 00 00 00 00 00 00 00 00 00 00 00 
00 00 00 00 00 00 00 00 00 00 00 00 00 00 00 00 
00 00 00 00 00 00 00 00 00 00 00 00 00 00 00 00 
00 00 00 00 00 00 00 00 00 00 00 00 00 00 00 00 
00 00 00 00 00 00 00 00 00 00 00 00 00 00 00 00 
00 00 00 00 00 00 00 00 00 00 00 00 00 00 00 00 
00 00 00 00 00 00 00 00 00 00 00 00 00 00 00 00 
00 00 00 00 00 00 00 00 00 00 00 00 00 00 00 00 
00 00 00 00 00 00 00 00 00 00 00 00 00 00 00 00 
00 00 00 00 00 00 00 00 00 00 00 00 00 00 00 00 
00 00 00 00 00 00 00 00 00 00 00 00 00 00 00 00 
00 00 00 00 00 00 00 00 00 00 00 00 00 00 00 00 
00 00 00 00 00 00 00 00 00 00 00 00 00 00 00 00 
00 00 00 00 00 00 00 00 00 00 00 00 00 00 00 00 
00 00 00 00 00 00 00 00 00 00 00 00 00 00 00 00 
00 00 00 00 00 00 00 00 00 00 00 00 00 00 00 00 
00 00 00 00 00 00 00 00 00 00 00 00 00 00 00 00 
00 00 00 00 00 00 00 00 00 00 00 00 00 00 00 00 
00 00 00 00 00 00 00 00 00 00 00 00 00 00 00 00 
00 00 00 00 00 00 00 00 00 00 00 00 00 00 00 00 
00 00 00 00 00 00 00 00 00 00 00 00 00 00 00 00 
00 00 00 00 00 00 00 00 00 00 00 00 00 00 00 00 
00 00 00 00 00 00 00 00 00 00 00 00 00 00 00 00 
00 00 00 00 00 00 00 00 00 00 00 00 00 00 00 00 
00 00 00 00 00 00 00 00 00 00 00 00 00 00 00 00 
00 00 00 00 00 00 00 00 00 00 00 00 00 00 00 00 
00 00 00 00 00 00 00 00 00 00 00 00 00 00 00 00 
00 00 00 00 00 00 00 00 00 00 00 00 00 00 00 00 
00 00 00 00 00 00 00 00 00 00 00 00 00 00 00 00 
00 00 00 00 00 00 00 00 00 00 00 00 00 00 00 00 
00 00 00 00 00 00 00 00 00 00 00 00 00 00 00 00 
00 00 00 00 00 00 00 00 00 00 00 00 00 00 00 00 
00 00 00 00 00 00 00 00 00 00 00 00 00 00 00 00 
00 00 00 00 00 00 00 00 00 00 00 00 00 00 00 00 
00 00 00 00 00 00 00 00 00 00 00 00 00 00 00 00 
00 00 00 00 00 00 00 00 00 00 00 00 00 00 00 00 
00 00 00 00 00 00 00 00 00 00 00 00 00 00 00 00 
00 00 00 00 00 00 00 00 00 00 00 00 00 00 00 00 
00 00 00 00 00 00 00 00 00 00 00 00 00 00 00 00 
00 00 00 00 00 00 00 00 00 00 00 00 00 00 00 00 
00 00 00 00 00 00 00 00 00 00 00 00 00 00 00 00 
00 00 00 00 00 00 00 00 00 00 00 00 00 00 00 00 
00 00 00 00 00 00 00 00 00 00 00 00 00 00 00 00 
00 00 00 00 00 00 00 00 00 00 00 00 00 00 00 00 
00 00 00 00 00 00 00 00 00 00 00 00 00 00 00 00 
00 00 00 00 00 00 00 00 00 00 00 00 00 00 00 00 
00 00 00 00 00 00 00 00 00 00 00 00 00 00 00 00 
00 00 00 00 00 00 00 00 00 00 00 00 00 00 00 00 
00 00 00 00 00 00 00 00 00 00 00 00 00 00 00 00 
00 00 00 00 00 00 00 00 00 00 00 00 00 00 00 00 
00 00 00 00 00 00 00 00 00 00 00 00 00 00 00 00 
00 00 00 00 00 00 00 00 00 00 00 00 00 00 00 00 
00 00 00 00 00 00 00 00 00 00 00 00 00 00 00 00 
00 00 00 00 00 00 00 00 00 00 00 00 00 00 00 00 
00 00 00 00 00 00 00 00 00 00 00 00 00 00 00 00 
00 00 00 00 00 00 00 00 00 00 00 00 00 00 00 00 
00 00 00 00 00 00 00 00 00 00 00 00 00 00 00 00 
00 00 00 00 00 00 00 00 00 00 00 00 00 00 00 00 
00 00 00 00 00 00 00 00 00 00 00 00 00 00 00 00 
00 00 00 00 00 00 00 00 00 00 00 00 00 00 00 00 
00 00 00 00 00 00 00 00 00 00 00 00 00 00 00 00 
00 00 00 00 00 00 00 00 00 00 00 00 00 00 00 00 
00 00 00 00 00 00 00 00 00 00 00 00 00 00 00 00 
00 00 00 00 00 00 00 00 00 00 00 00 00 00 00 00 
00 00 00 00 00 00 00 00 00 00 00 00 00 00 00 00 
00 00 00 00 00 00 00 00 00 00 00 00 00 00 00 00 
00 00 00 00 00 00 00 00 00 00 00 00 00 00 00 00 
00 00 00 00 00 00 00 00 00 00 00 00 00 00 00 00 
00 00 00 00 00 00 00 00 00 00 00 00 00 00 00 00 
00 00 00 00 00 00 00 00 00 00 00 00 00 00 00 00 
00 00 00 00 00 00 00 00 00 00 00 00 00 00 00 00 
00 00 00 00 00 00 00 00 00 00 00 00 00 00 00 00 
00 00 00 00 00 00 00 00 00 00 00 00 00 00 00 00 
00 00 00 00 00 00 00 00 00 00 00 00 00 00 00 00 
00 00 00 00 00 00 00 00 00 00 00 00 00 00 00 00 
00 00 00 00 00 00 00 00 00 00 00 00 00 00 00 00 
00 00 00 00 00 00 00 00 00 00 00 00 00 00 00 00 
00 00 00 00 00 00 00 00 00 00 00 00 00 00 00 00 
00 00 00 00 00 00 00 00 00 00 00 00 00 00 00 00 
00 00 00 00 00 00 00 00 00 00 00 00 00 00 00 00 
00 00 00 00 00 00 00 00 00 00 00 00 00 00 00 00 
00 00 00 00 00 00 00 00 00 00 00 00 00 00 00 00 
00 00 00 00 00 00 00 00 00 00 00 00 00 00 00 00 
00 00 00 00 00 00 00 00 00 00 00 00 00 00 00 00 
00 00 00 00 00 00 00 00 00 00 00 00 00 00 00 00 
00 00 00 00 00 00 00 00 00 00 00 00 00 00 00 00 
00 00 00 00 00 00 00 00 00 00 00 00 00 00 00 00 
00 00 00 00 00 00 00 00 00 00 00 00 00 00 00 00 
00 00 00 00 00 00 00 00 00 00 00 00 00 00 00 00 
00 00 00 00 00 00 00 00 00 00 00 00 00 00 00 00 
00 00 00 00 00 00 00 00 00 00 00 00 00 00 00 00 
00 00 00 00 00 00 00 00 00 00 00 00 00 00 00 00 
00 00 00 00 00 00 00 00 00 00 00 00 00 00 00 00 
00 00 00 00 00 00 00 00 00 00 00 00 00 00 00 00 
00 00 00 00 00 00 00 00 00 00 00 00 00 00 00 00 
00 00 00 00 00 00 00 00 00 00 00 00 00 00 00 00 
00 00 00 00 00 00 00 00 00 00 00 00 00 00 00 00 
00 00 00 00 00 00 00 00 00 00 00 00 00 00 00 00 
00 00 00 00 00 00 00 00 00 00 00 00 00 00 00 00 
00 00 00 00 00 00 00 00 00 00 00 00 00 00 00 00 
00 00 00 00 00 00 00 00 00 00 00 00 00 00 00 00 
00 00 00 00 00 00 00 00 00 00 00 00 00 00 00 00 
00 00 00 00 00 00 00 00 00 00 00 00 00 00 00 00 
00 00 00 00 00 00 00 00 00 00 00 00 00 00 00 00 
00 00 00 00 00 00 00 00 00 00 00 00 00 00 00 00 
00 00 00 00 00 00 00 00 00 00 00 00 00 00 00 00 
00 00 00 00 00 00 00 00 00 00 00 00 00 00 00 00 
00 00 00 00 00 00 00 00 00 00 00 00 00 00 00 00 
00 00 00 00 00 00 00 00 00 00 00 00 00 00 00 00 
00 00 00 00 00 00 00 00 00 00 00 00 00 00 00 00 
00 00 00 00 00 00 00 00 00 00 00 00 00 00 00 00 
00 00 00 00 00 00 00 00 00 00 00 00 00 00 00 00 
00 00 00 00 00 00 00 00 00 00 00 00 00 00 00 00 
00 00 00 00 00 00 00 00 00 00 00 00 00 00 00 00 
00 00 00 00 00 00 00 00 00 00 00 00 00 00 00 00 
00 00 00 00 00 00 00 00 00 00 00 00 00 00 00 00 
00 00 00 00 00 00 00 00 00 00 00 00 00 00 00 00 
00 00 00 00 00 00 00 00 00 00 00 00 00 00 00 00 
00 00 00 00 00 00 00 00 00 00 00 00 00 00 00 00 
00 00 00 00 00 00 00 00 00 00 00 00 00 00 00 00 
00 00 00 00 00 00 00 00 00 00 00 00 00 00 00 00 
00 00 00 00 00 00 00 00 00 00 00 00 00 00 00 00 
00 00 00 00 00 00 00 00 00 00 00 00 00 00 00 00 
00 00 00 00 00 00 00 00 00 00 00 00 00 00 00 00 
00 00 00 00 00 00 00 00 00 00 00 00 00 00 00 00 
00 00 00 00 00 00 00 00 00 00 00 00 00 00 00 00 
00 00 00 00 00 00 00 00 00 00 00 00 00 00 00 00 
00 00 00 00 00 00 00 00 00 00 00 00 00 00 00 00 
00 00 00 00 00 00 00 00 00 00 00 00 00 00 00 00 
00 00 00 00 00 00 00 00 00 00 00 00 00 00 00 00 
00 00 00 00 00 00 00 00 00 00 00 00 00 00 00 00 
00 00 00 00 00 00 00 00 00 00 00 00 00 00 00 00 
00 00 00 00 00 00 00 00 00 00 00 00 00 00 00 00 
00 00 00 00 00 00 00 00 00 00 00 00 00 00 00 00 
00 00 00 00 00 00 00 00 00 00 00 00 00 00 00 00 
00 00 00 00 00 00 00 00 00 00 00 00 00 00 00 00 
00 00 00 00 00 00 00 00 00 00 00 00 00 00 00 00 
00 00 00 00 00 00 00 00 00 00 00 00 00 00 00 00 
00 00 00 00 00 00 00 00 00 00 00 00 00 00 00 00 
00 00 00 00 00 00 00 00 00 00 00 00 00 00 00 00 
00 00 00 00 00 00 00 00 00 00 00 00 00 00 00 00 
00 00 00 00 00 00 00 00 00 00 00 00 00 00 00 00 
00 00 00 00 00 00 00 00 00 00 00 00 00 00 00 00 
00 00 00 00 00 00 00 00 00 00 00 00 00 00 00 00 
00 00 00 00 00 00 00 00 00 00 00 00 00 00 00 00 
00 00 00 00 00 00 00 00 00 00 00 00 00 00 00 00 
00 00 00 00 00 00 00 00 00 00 00 00 00 00 00 00 
00 00 00 00 00 00 00 00 00 00 00 00 00 00 00 00 
00 00 00 00 00 00 00 00 00 00 00 00 00 00 00 00 
00 00 00 00 00 00 00 00 00 00 00 00 00 00 00 00 
00 00 00 00 00 00 00 00 00 00 00 00 00 00 00 00 
00 00 00 00 00 00 00 00 00 00 00 00 00 00 00 00 
00 00 00 00 00 00 00 00 00 00 00 00 00 00 00 00 
00 00 00 00 00 00 00 00 00 00 00 00 00 00 00 00 
00 00 00 00 00 00 00 00 00 00 00 00 00 00 00 00 
00 00 00 00 00 00 00 00 00 00 00 00 00 00 00 00 
00 00 00 00 00 00 00 00 00 00 00 00 00 00 00 00 
00 00 00 00 00 00 00 00 00 00 00 00 00 00 00 00 
00 00 00 00 00 00 00 00 00 00 00 00 00 00 00 00 
00 00 00 00 00 00 00 00 00 00 00 00 00 00 00 00 
00 00 00 00 00 00 00 00 00 00 00 00 00 00 00 00 
00 00 00 00 00 00 00 00 00 00 00 00 00 00 00 00 
00 00 00 00 00 00 00 00 00 00 00 00 00 00 00 00 
00 00 00 00 00 00 00 00 00 00 00 00 00 00 00 00 
00 00 00 00 00 00 00 00 00 00 00 00 00 00 00 00 
00 00 00 00 00 00 00 00 00 00 00 00 00 00 00 00 
00 00 00 00 00 00 00 00 00 00 00 00 00 00 00 00 
00 00 00 00 00 00 00 00 00 00 00 00 00 00 00 00 
00 00 00 00 00 00 00 00 00 00 00 00 00 00 00 00 
00 00 00 00 00 00 00 00 00 00 00 00 00 00 00 00 
00 00 00 00 00 00 00 00 00 00 00 00 00 00 00 00 
00 00 00 00 00 00 00 00 00 00 00 00 00 00 00 00 
00 00 00 00 00 00 00 00 00 00 00 00 00 00 00 00 
00 00 00 00 00 00 00 00 00 00 00 00 00 00 00 00 
00 00 00 00 00 00 00 00 00 00 00 00 00 00 00 00 
00 00 00 00 00 00 00 00 00 00 00 00 00 00 00 00 
00 00 00 00 00 00 00 00 00 00 00 00 00 00 00 00 
00 00 00 00 00 00 00 00 00 00 00 00 00 00 00 00 
00 00 00 00 00 00 00 00 00 00 00 00 00 00 00 00 
00 00 00 00 00 00 00 00 00 00 00 00 00 00 00 00 
00 00 00 00 00 00 00 00 00 00 00 00 00 00 00 00 
00 00 00 00 00 00 00 00 00 00 00 00 00 00 00 00 
00 00 00 00 00 00 00 00 00 00 00 00 00 00 00 00 
00 00 00 00 00 00 00 00 00 00 00 00 00 00 00 00 
00 00 00 00 00 00 00 00 00 00 00 00 00 00 00 00 
00 00 00 00 00 00 00 00 00 00 00 00 00 00 00 00 
00 00 00 00 00 00 00 00 00 00 00 00 00 00 00 00 
00 00 00 00 00 00 00 00 00 00 00 00 00 00 00 00 
00 00 00 00 00 00 00 00 00 00 00 00 00 00 00 00 
00 00 00 00 00 00 00 00 00 00 00 00 00 00 00 00 
00 00 00 00 00 00 00 00 00 00 00 00 00 00 00 00 
00 00 00 00 00 00 00 00 00 00 00 00 00 00 00 00 
00 00 00 00 00 00 00 00 00 00 00 00 00 00 00 00 
00 00 00 00 00 00 00 00 00 00 00 00 00 00 00 00 
00 00 00 00 00 00 00 00 00 00 00 00 00 00 00 00 
00 00 00 00 00 00 00 00 00 00 00 00 00 00 00 00 
00 00 00 00 00 00 00 00 00 00 00 00 00 00 00 00 
00 00 00 00 00 00 00 00 00 00 00 00 00 00 00 00 
00 00 00 00 00 00 00 00 00 00 00 00 00 00 00 00 
00 00 00 00 00 00 00 00 00 00 00 00 00 00 00 00 
00 00 00 00 00 00 00 00 00 00 00 00 00 00 00 00 
00 00 00 00 00 00 00 00 00 00 00 00 00 00 00 00 
00 00 00 00 00 00 00 00 00 00 00 00 00 00 00 00 
00 00 00 00 00 00 00 00 00 00 00 00 00 00 00 00 
00 00 00 00 00 00 00 00 00 00 00 00 00 00 00 00 
00 00 00 00 00 00 00 00 00 00 00 00 00 00 00 00 
00 00 00 00 00 00 00 00 00 00 00 00 00 00 00 00 
00 00 00 00 00 00 00 00 00 00 00 00 00 00 00 00 
00 00 00 00 00 00 00 00 00 00 00 00 00 00 00 00 
00 00 00 00 00 00 00 00 00 00 00 00 00 00 00 00 
00 00 00 00 00 00 00 00 00 00 00 00 00 00 00 00 
00 00 00 00 00 00 00 00 00 00 00 00 00 00 00 00 
00 00 00 00 00 00 00 00 00 00 00 00 00 00 00 00 
00 00 00 00 00 00 00 00 00 00 00 00 00 00 00 00 
00 00 00 00 00 00 00 00 00 00 00 00 00 00 00 00 
00 00 00 00 00 00 00 00 00 00 00 00 00 00 00 00 
00 00 00 00 00 00 00 00 00 00 00 00 00 00 00 00 
00 00 00 00 00 00 00 00 00 00 00 00 00 00 00 00 
00 00 00 00 00 00 00 00 00 00 00 00 00 00 00 00 
00 00 00 00 00 00 00 00 00 00 00 00 00 00 00 00 
00 00 00 00 00 00 00 00 00 00 00 00 00 00 00 00 
00 00 00 00 00 00 00 00 00 00 00 00 00 00 00 00 
00 00 00 00 00 00 00 00 00 00 00 00 00 00 00 00 
00 00 00 00 00 00 00 00 00 00 00 00 00 00 00 00 
00 00 00 00 00 00 00 00 00 00 00 00 00 00 00 00 
00 00 00 00 00 00 00 00 00 00 00 00 00 00 00 00 
00 00 00 00 00 00 00 00 00 00 00 00 00 00 00 00 
00 00 00 00 00 00 00 00 00 00 00 00 00 00 00 00 
00 00 00 00 00 00 00 00 00 00 00 00 00 00 00 00 
00 00 00 00 00 00 00 00 00 00 00 00 00 00 00 00 
00 00 00 00 00 00 00 00 00 00 00 00 00 00 00 00 
00 00 00 00 00 00 00 00 00 00 00 00 00 00 00 00 
00 00 00 00 00 00 00 00 00 00 00 00 00 00 00 00 
00 00 00 00 00 00 00 00 00 00 00 00 00 00 00 00 
00 00 00 00 00 00 00 00 00 00 00 00 00 00 00 00 
00 00 00 00 00 00 00 00 00 00 00 00 00 00 00 00 
00 00 00 00 00 00 00 00 00 00 00 00 00 00 00 00 
00 00 00 00 00 00 00 00 00 00 00 00 00 00 00 00 
00 00 00 00 00 00 00 00 00 00 00 00 00 00 00 00 
00 00 00 00 00 00 00 00 00 00 00 00 00 00 00 00 
00 00 00 00 00 00 00 00 00 00 00 00 00 00 00 00 
00 00 00 00 00 00 00 00 00 00 00 00 00 00 00 00 
00 00 00 00 00 00 00 00 00 00 00 00 00 00 00 00 
00 00 00 00 00 00 00 00 00 00 00 00 00 00 00 00 
00 00 00 00 00 00 00 00 00 00 00 00 00 00 00 00 
00 00 00 00 00 00 00 00 00 00 00 00 00 00 00 00 
00 00 00 00 00 00 00 00 00 00 00 00 00 00 00 00 
00 00 00 00 00 00 00 00 00 00 00 00 00 00 00 00 
00 00 00 00 00 00 00 00 00 00 00 00 00 00 00 00 
00 00 00 00 00 00 00 00 00 00 00 00 00 00 00 00 
00 00 00 00 00 00 00 00 00 00 00 00 00 00 00 00 
00 00 00 00 00 00 00 00 00 00 00 00 00 00 00 00 
00 00 00 00 00 00 00 00 00 00 00 00 00 00 00 00 
00 00 00 00 00 00 00 00 00 00 00 00 00 00 00 00 
00 00 00 00 00 00 00 00 00 00 00 00 00 00 00 00 
00 00 00 00 00 00 00 00 00 00 00 00 00 00 00 00 
00 00 00 00 00 00 00 00 00 00 00 00 00 00 00 00 
00 00 00 00 00 00 00 00 00 00 00 00 00 00 00 00 
00 00 00 00 00 00 00 00 00 00 00 00 00 00 00 00 
00 00 00 00 00 00 00 00 00 00 00 00 00 00 00 00 
00 00 00 00 00 00 00 00 00 00 00 00 00 00 00 00 
00 00 00 00 00 00 00 00 00 00 00 00 00 00 00 00 
00 00 00 00 00 00 00 00 00 00 00 00 00 00 00 00 
00 00 00 00 00 00 00 00 00 00 00 00 00 00 00 00 
00 00 00 00 00 00 00 00 00 00 00 00 00 00 00 00 
00 00 00 00 00 00 00 00 00 00 00 00 00 00 00 00 
00 00 00 00 00 00 00 00 00 00 00 00 00 00 00 00 
00 00 00 00 00 00 00 00 00 00 00 00 00 00 00 00 
00 00 00 00 00 00 00 00 00 00 00 00 00 00 00 00 
00 00 00 00 00 00 00 00 00 00 00 00 00 00 00 00 
00 00 00 00 00 00 00 00 00 00 00 00 00 00 00 00 
00 00 00 00 00 00 00 00 00 00 00 00 00 00 00 00 
00 00 00 00 00 00 00 00 00 00 00 00 00 00 00 00 
00 00 00 00 00 00 00 00 00 00 00 00 00 00 00 00 
00 00 00 00 00 00 00 00 00 00 00 00 00 00 00 00 
00 00 00 00 00 00 00 00 00 00 00 00 00 00 00 00 
00 00 00 00 00 00 00 00 00 00 00 00 00 00 00 00 
00 00 00 00 00 00 00 00 00 00 00 00 00 00 00 00 
00 00 00 00 00 00 00 00 00 00 00 00 00 00 00 00 
00 00 00 00 00 00 00 00 00 00 00 00 00 00 00 00 
00 00 00 00 00 00 00 00 00 00 00 00 00 00 00 00 
00 00 00 00 00 00 00 00 00 00 00 00 00 00 00 00 
00 00 00 00 00 00 00 00 00 00 00 00 00 00 00 00 
00 00 00 00 00 00 00 00 00 00 00 00 00 00 00 00 
00 00 00 00 00 00 00 00 00 00 00 00 00 00 00 00 
00 00 00 00 00 00 00 00 00 00 00 00 00 00 00 00 
00 00 00 00 00 00 00 00 00 00 00 00 00 00 00 00 
00 00 00 00 00 00 00 00 00 00 00 00 00 00 00 00 
00 00 00 00 00 00 00 00 00 00 00 00 00 00 00 00 
00 00 00 00 00 00 00 00 00 00 00 00 00 00 00 00 
00 00 00 00 00 00 00 00 00 00 00 00 00 00 00 00 
00 00 00 00 00 00 00 00 00 00 00 00 00 00 00 00 
00 00 00 00 00 00 00 00 00 00 00 00 00 00 00 00 
00 00 00 00 00 00 00 00 00 00 00 00 00 00 00 00 
00 00 00 00 00 00 00 00 00 00 00 00 00 00 00 00 
00 00 00 00 00 00 00 00 00 00 00 00 00 00 00 00 
00 00 00 00 00 00 00 00 00 00 00 00 00 00 00 00 
00 00 00 00 00 00 00 00 00 00 00 00 00 00 00 00 
00 00 00 00 00 00 00 00 00 00 00 00 00 00 00 00 
00 00 00 00 00 00 00 00 00 00 00 00 00 00 00 00 
00 00 00 00 00 00 00 00 00 00 00 00 00 00 00 00 
00 00 00 00 00 00 00 00 00 00 00 00 00 00 00 00 
00 00 00 00 00 00 00 00 00 00 00 00 00 00 00 00 
00 00 00 00 00 00 00 00 00 00 00 00 00 00 00 00 
00 00 00 00 00 00 00 00 00 00 00 00 00 00 00 00 
00 00 00 00 00 00 00 00 00 00 00 00 00 00 00 00 
00 00 00 00 00 00 00 00 00 00 00 00 00 00 00 00 
00 00 00 00 00 00 00 00 00 00 00 00 00 00 00 00 
00 00 00 00 00 00 00 00 00 00 00 00 00 00 00 00 
00 00 00 00 00 00 00 00 00 00 00 00 00 00 00 00 
00 00 00 00 00 00 00 00 00 00 00 00 00 00 00 00 
00 00 00 00 00 00 00 00 00 00 00 00 00 00 00 00 
00 00 00 00 00 00 00 00 00 00 00 00 00 00 00 00 
00 00 00 00 00 00 00 00 00 00 00 00 00 00 00 00 
00 00 00 00 00 00 00 00 00 00 00 00 00 00 00 00 
00 00 00 00 00 00 00 00 00 00 00 00 00 00 00 00 
00 00 00 00 00 00 00 00 00 00 00 00 00 00 00 00 
00 00 00 00 00 00 00 00 00 00 00 00 00 00 00 00 
00 00 00 00 00 00 00 00 00 00 00 00 00 00 00 00 
00 00 00 00 00 00 00 00 00 00 00 00 00 00 00 00 
00 00 00 00 00 00 00 00 00 00 00 00 00 00 00 00 
00 00 00 00 00 00 00 00 00 00 00 00 00 00 00 00 
00 00 00 00 00 00 00 00 00 00 00 00 00 00 00 00 
00 00 00 00 00 00 00 00 00 00 00 00 00 00 00 00 
00 00 00 00 00 00 00 00 00 00 00 00 00 00 00 00 
00 00 00 00 00 00 00 00 00 00 00 00 00 00 00 00 
00 00 00 00 00 00 00 00 00 00 00 00 00 00 00 00 
00 00 00 00 00 00 00 00 00 00 00 00 00 00 00 00 
00 00 00 00 00 00 00 00 00 00 00 00 00 00 00 00 
00 00 00 00 00 00 00 00 00 00 00 00 00 00 00 00 
00 00 00 00 00 00 00 00 00 00 00 00 00 00 00 00 
00 00 00 00 00 00 00 00 00 00 00 00 00 00 00 00 
00 00 00 00 00 00 00 00 00 00 00 00 00 00 00 00 
00 00 00 00 00 00 00 00 00 00 00 00 00 00 00 00 
00 00 00 00 00 00 00 00 00 00 00 00 00 00 00 00 
00 00 00 00 00 00 00 00 00 00 00 00 00 00 00 00 
00 00 00 00 00 00 00 00 00 00 00 00 00 00 00 00 
00 00 00 00 00 00 00 00 00 00 00 00 00 00 00 00 
00 00 00 00 00 00 00 00 00 00 00 00 00 00 00 00 
00 00 00 00 00 00 00 00 00 00 00 00 00 00 00 00 
00 00 00 00 00 00 00 00 00 00 00 00 00 00 00 00 
00 00 00 00 00 00 00 00 00 00 00 00 00 00 00 00 
00 00 00 00 00 00 00 00 00 00 00 00 00 00 00 00 
00 00 00 00 00 00 00 00 00 00 00 00 00 00 00 00 
00 00 00 00 00 00 00 00 00 00 00 00 00 00 00 00 
00 00 00 00 00 00 00 00 00 00 00 00 00 00 00 00 
00 00 00 00 00 00 00 00 00 00 00 00 00 00 00 00 
00 00 00 00 00 00 00 00 00 00 00 00 00 00 00 00 
00 00 00 00 00 00 00 00 00 00 00 00 00 00 00 00 
00 00 00 00 00 00 00 00 00 00 00 00 00 00 00 00 
00 00 00 00 00 00 00 00 00 00 00 00 00 00 00 00 
00 00 00 00 00 00 00 00 00 00 00 00 00 00 00 00 
00 00 00 00 00 00 00 00 00 00 00 00 00 00 00 00 
00 00 00 00 00 00 00 00 00 00 00 00 00 00 00 00 
00 00 00 00 00 00 00 00 00 00 00 00 00 00 00 00 
00 00 00 00 00 00 00 00 00 00 00 00 00 00 00 00 
00 00 00 00 00 00 00 00 00 00 00 00 00 00 00 00 
00 00 00 00 00 00 00 00 00 00 00 00 00 00 00 00 
00 00 00 00 00 00 00 00 00 00 00 00 00 00 00 00 
00 00 00 00 00 00 00 00 00 00 00 00 00 00 00 00 
00 00 00 00 00 00 00 00 00 00 00 00 00 00 00 00 
00 00 00 00 00 00 00 00 00 00 00 00 00 00 00 00 
00 00 00 00 00 00 00 00 00 00 00 00 00 00 00 00 
00 00 00 00 00 00 00 00 00 00 00 00 00 00 00 00 
00 00 00 00 00 00 00 00 00 00 00 00 00 00 00 00 
00 00 00 00 00 00 00 00 00 00 00 00 00 00 00 00 
00 00 00 00 00 00 00 00 00 00 00 00 00 00 00 00 
00 00 00 00 00 00 00 00 00 00 00 00 00 00 00 00 
00 00 00 00 00 00 00 00 00 00 00 00 00 00 00 00 
00 00 00 00 00 00 00 00 00 00 00 00 00 00 00 00 
00 00 00 00 00 00 00 00 00 00 00 00 00 00 00 00 
00 00 00 00 00 00 00 00 00 00 00 00 00 00 00 00 
00 00 00 00 00 00 00 00 00 00 00 00 00 00 00 00 
00 00 00 00 00 00 00 00 00 00 00 00 00 00 00 00 
00 00 00 00 00 00 00 00 00 00 00 00 00 00 00 00 
00 00 00 00 00 00 00 00 00 00 00 00 00 00 00 00 
00 00 00 00 00 00 00 00 00 00 00 00 00 00 00 00 
00 00 00 00 00 00 00 00 00 00 00 00 00 00 00 00 
00 00 00 00 00 00 00 00 00 00 00 00 00 00 00 00 
00 00 00 00 00 00 00 00 00 00 00 00 00 00 00 00 
00 00 00 00 00 00 00 00 00 00 00 00 00 00 00 00 
00 00 00 00 00 00 00 00 00 00 00 00 00 00 00 00 
00 00 00 00 00 00 00 00 00 00 00 00 00 00 00 00 
00 00 00 00 00 00 00 00 00 00 00 00 00 00 00 00 
00 00 00 00 00 00 00 00 00 00 00 00 00 00 00 00 
00 00 00 00 00 00 00 00 00 00 00 00 00 00 00 00 
00 00 00 00 00 00 00 00 00 00 00 00 00 00 00 00 
00 00 00 00 00 00 00 00 00 00 00 00 00 00 00 00 
00 00 00 00 00 00 00 00 00 00 00 00 00 00 00 00 
00 00 00 00 00 00 00 00 00 00 00 00 00 00 00 00 
00 00 00 00 00 00 00 00 00 00 00 00 00 00 00 00 
00 00 00 00 00 00 00 00 00 00 00 00 00 00 00 00 
00 00 00 00 00 00 00 00 00 00 00 00 00 00 00 00 
00 00 00 00 00 00 00 00 00 00 00 00 00 00 00 00 
00 00 00 00 00 00 00 00 00 00 00 00 00 00 00 00 
00 00 00 00 00 00 00 00 00 00 00 00 00 00 00 00 
00 00 00 00 00 00 00 00 00 00 00 00 00 00 00 00 
00 00 00 00 00 00 00 00 00 00 00 00 00 00 00 00 
00 00 00 00 00 00 00 00 00 00 00 00 00 00 00 00 
00 00 00 00 00 00 00 00 00 00 00 00 00 00 00 00 
00 00 00 00 00 00 00 00 00 00 00 00 00 00 00 00 
00 00 00 00 00 00 00 00 00 00 00 00 00 00 00 00 
00 00 00 00 00 00 00 00 00 00 00 00 00 00 00 00 
00 00 00 00 00 00 00 00 00 00 00 00 00 00 00 00 
00 00 00 00 00 00 00 00 00 00 00 00 00 00 00 00 
00 00 00 00 00 00 00 00 00 00 00 00 00 00 00 00 
00 00 00 00 00 00 00 00 00 00 00 00 00 00 00 00 
00 00 00 00 00 00 00 00 00 00 00 00 00 00 00 00 
00 00 00 00 00 00 00 00 00 00 00 00 00 00 00 00 
00 00 00 00 00 00 00 00 00 00 00 00 00 00 00 00 
00 00 00 00 00 00 00 00 00 00 00 00 00 00 00 00 
00 00 00 00 00 00 00 00 00 00 00 00 00 00 00 00 
00 00 00 00 00 00 00 00 00 00 00 00 00 00 00 00 
00 00 00 00 00 00 00 00 00 00 00 00 00 00 00 00 
00 00 00 00 00 00 00 00 00 00 00 00 00 00 00 00 
00 00 00 00 00 00 00 00 00 00 00 00 00 00 00 00 
00 00 00 00 00 00 00 00 00 00 00 00 00 00 00 00 
00 00 00 00 00 00 00 00 00 00 00 00 00 00 00 00 
00 00 00 00 00 00 00 00 00 00 00 00 00 00 00 00 
00 00 00 00 00 00 00 00 00 00 00 00 00 00 00 00 
00 00 00 00 00 00 00 00 00 00 00 00 00 00 00 00 
00 00 00 00 00 00 00 00 00 00 00 00 00 00 00 00 
00 00 00 00 00 00 00 00 00 00 00 00 00 00 00 00 
00 00 00 00 00 00 00 00 00 00 00 00 00 00 00 00 
00 00 00 00 00 00 00 00 00 00 00 00 00 00 00 00 
00 00 00 00 00 00 00 00 00 00 00 00 00 00 00 00 
00 00 00 00 00 00 00 00 00 00 00 00 00 00 00 00 
00 00 00 00 00 00 00 00 00 00 00 00 00 00 00 00 
00 00 00 00 00 00 00 00 00 00 00 00 00 00 00 00 
00 00 00 00 00 00 00 00 00 00 00 00 00 00 00 00 
00 00 00 00 00 00 00 00 00 00 00 00 00 00 00 00 
00 00 00 00 00 00 00 00 00 00 00 00 00 00 00 00 
00 00 00 00 00 00 00 00 00 00 00 00 00 00 00 00 
00 00 00 00 00 00 00 00 00 00 00 00 00 00 00 00 
00 00 00 00 00 00 00 00 00 00 00 00 00 00 00 00 
00 00 00 00 00 00 00 00 00 00 00 00 00 00 00 00 
00 00 00 00 00 00 00 00 00 00 00 00 00 00 00 00 
00 00 00 00 00 00 00 00 00 00 00 00 00 00 00 00 
00 00 00 00 00 00 00 00 00 00 00 00 00 00 00 00 
00 00 00 00 00 00 00 00 00 00 00 00 00 00 00 00 
00 00 00 00 00 00 00 00 00 00 00 00 00 00 00 00 
00 00 00 00 00 00 00 00 00 00 00 00 00 00 00 00 
00 00 00 00 00 00 00 00 00 00 00 00 00 00 00 00 
00 00 00 00 00 00 00 00 00 00 00 00 00 00 00 00 
00 00 00 00 00 00 00 00 00 00 00 00 00 00 00 00 
00 00 00 00 00 00 00 00 00 00 00 00 00 00 00 00 
00 00 00 00 00 00 00 00 00 00 00 00 00 00 00 00 
00 00 00 00 00 00 00 00 00 00 00 00 00 00 00 00 
00 00 00 00 00 00 00 00 00 00 00 00 00 00 00 00 
00 00 00 00 00 00 00 00 00 00 00 00 00 00 00 00 
00 00 00 00 00 00 00 00 00 00 00 00 00 00 00 00 
00 00 00 00 00 00 00 00 00 00 00 00 00 00 00 00 
00 00 00 00 00 00 00 00 00 00 00 00 00 00 00 00 
00 00 00 00 00 00 00 00 00 00 00 00 00 00 00 00 
00 00 00 00 00 00 00 00 00 00 00 00 00 00 00 00 
00 00 00 00 00 00 00 00 00 00 00 00 00 00 00 00 
00 00 00 00 00 00 00 00 00 00 00 00 00 00 00 00 
00 00 00 00 00 00 00 00 00 00 00 00 00 00 00 00 
00 00 00 00 00 00 00 00 00 00 00 00 00 00 00 00 
00 00 00 00 00 00 00 00 00 00 00 00 00 00 00 00 
00 00 00 00 00 00 00 00 00 00 00 00 00 00 00 00 
00 00 00 00 00 00 00 00 00 00 00 00 00 00 00 00 
00 00 00 00 00 00 00 00 00 00 00 00 00 00 00 00 
00 00 00 00 00 00 00 00 00 00 00 00 00 00 00 00 
00 00 00 00 00 00 00 00 00 00 00 00 00 00 00 00 
00 00 00 00 00 00 00 00 00 00 00 00 00 00 00 00 
00 00 00 00 00 00 00 00 00 00 00 00 00 00 00 00 
00 00 00 00 00 00 00 00 00 00 00 00 00 00 00 00 
00 00 00 00 00 00 00 00 00 00 00 00 00 00 00 00 
00 00 00 00 00 00 00 00 00 00 00 00 00 00 00 00 
00 00 00 00 00 00 00 00 00 00 00 00 00 00 00 00 
00 00 00 00 00 00 00 00 00 00 00 00 00 00 00 00 
00 00 00 00 00 00 00 00 00 00 00 00 00 00 00 00 
00 00 00 00 00 00 00 00 00 00 00 00 00 00 00 00 
00 00 00 00 00 00 00 00 00 00 00 00 00 00 00 00 
00 00 00 00 00 00 00 00 00 00 00 00 00 00 00 00 
00 00 00 00 00 00 00 00 00 00 00 00 00 00 00 00 
00 00 00 00 00 00 00 00 00 00 00 00 00 00 00 00 
00 00 00 00 00 00 00 00 00 00 00 00 00 00 00 00 
00 00 00 00 00 00 00 00 00 00 00 00 00 00 00 00 
00 00 00 00 00 00 00 00 00 00 00 00 00 00 00 00 
00 00 00 00 00 00 00 00 00 00 00 00 00 00 00 00 
00 00 00 00 00 00 00 00 00 00 00 00 00 00 00 00 
00 00 00 00 00 00 00 00 00 00 00 00 00 00 00 00 
00 00 00 00 00 00 00 00 00 00 00 00 00 00 00 00 
00 00 00 00 00 00 00 00 00 00 00 00 00 00 00 00 
00 00 00 00 00 00 00 00 00 00 00 00 00 00 00 00 
00 00 00 00 00 00 00 00 00 00 00 00 00 00 00 00 
00 00 00 00 00 00 00 00 00 00 00 00 00 00 00 00 
00 00 00 00 00 00 00 00 00 00 00 00 00 00 00 00 
00 00 00 00 00 00 00 00 00 00 00 00 00 00 00 00 
00 00 00 00 00 00 00 00 00 00 00 00 00 00 00 00 
00 00 00 00 00 00 00 00 00 00 00 00 00 00 00 00 
00 00 00 00 00 00 00 00 00 00 00 00 00 00 00 00 
00 00 00 00 00 00 00 00 00 00 00 00 00 00 00 00 
00 00 00 00 00 00 00 00 00 00 00 00 00 00 00 00 
00 00 00 00 00 00 00 00 00 00 00 00 00 00 00 00 
00 00 00 00 00 00 00 00 00 00 00 00 00 00 00 00 
00 00 00 00 00 00 00 00 00 00 00 00 00 00 00 00 
00 00 00 00 00 00 00 00 00 00 00 00 00 00 00 00 
00 00 00 00 00 00 00 00 00 00 00 00 00 00 00 00 
00 00 00 00 00 00 00 00 00 00 00 00 00 00 00 00 
00 00 00 00 00 00 00 00 00 00 00 00 00 00 00 00 
00 00 00 00 00 00 00 00 00 00 00 00 00 00 00 00 
00 00 00 00 00 00 00 00 00 00 00 00 00 00 00 00 
00 00 00 00 00 00 00 00 00 00 00 00 00 00 00 00 
00 00 00 00 00 00 00 00 00 00 00 00 00 00 00 00 
00 00 00 00 00 00 00 00 00 00 00 00 00 00 00 00 
00 00 00 00 00 00 00 00 00 00 00 00 00 00 00 00 
00 00 00 00 00 00 00 00 00 00 00 00 00 00 00 00 
00 00 00 00 00 00 00 00 00 00 00 00 00 00 00 00 
00 00 00 00 00 00 00 00 00 00 00 00 00 00 00 00 
00 00 00 00 00 00 00 00 00 00 00 00 00 00 00 00 
00 00 00 00 00 00 00 00 00 00 00 00 00 00 00 00 
00 00 00 00 00 00 00 00 00 00 00 00 00 00 00 00 
00 00 00 00 00 00 00 00 00 00 00 00 00 00 00 00 
00 00 00 00 00 00 00 00 00 00 00 00 00 00 00 00 
00 00 00 00 00 00 00 00 00 00 00 00 00 00 00 00 
00 00 00 00 00 00 00 00 00 00 00 00 00 00 00 00 
00 00 00 00 00 00 00 00 00 00 00 00 00 00 00 00 
00 00 00 00 00 00 00 00 00 00 00 00 00 00 00 00 
00 00 00 00 00 00 00 00 00 00 00 00 00 00 00 00 
00 00 00 00 00 00 00 00 00 00 00 00 00 00 00 00 
00 00 00 00 00 00 00 00 00 00 00 00 00 00 00 00 
00 00 00 00 00 00 00 00 00 00 00 00 00 00 00 00 
00 00 00 00 00 00 00 00 00 00 00 00 00 00 00 00 
00 00 00 00 00 00 00 00 00 00 00 00 00 00 00 00 
00 00 00 00 00 00 00 00 00 00 00 00 00 00 00 00 
00 00 00 00 00 00 00 00 00 00 00 00 00 00 00 00 
00 00 00 00 00 00 00 00 00 00 00 00 00 00 00 00 
00 00 00 00 00 00 00 00 00 00 00 00 00 00 00 00 
00 00 00 00 00 00 00 00 00 00 00 00 00 00 00 00 
00 00 00 00 00 00 00 00 00 00 00 00 00 00 00 00 
00 00 00 00 00 00 00 00 00 00 00 00 00 00 00 00 
00 00 00 00 00 00 00 00 00 00 00 00 00 00 00 00 
00 00 00 00 00 00 00 00 00 00 00 00 00 00 00 00 
00 00 00 00 00 00 00 00 00 00 00 00 00 00 00 00 
00 00 00 00 00 00 00 00 00 00 00 00 00 00 00 00 
00 00 00 00 00 00 00 00 00 00 00 00 00 00 00 00 
00 00 00 00 00 00 00 00 00 00 00 00 00 00 00 00 
00 00 00 00 00 00 00 00 00 00 00 00 00 00 00 00 
00 00 00 00 00 00 00 00 00 00 00 00 00 00 00 00 
00 00 00 00 00 00 00 00 00 00 00 00 00 00 00 00 
00 00 00 00 00 00 00 00 00 00 00 00 00 00 00 00 
00 00 00 00 00 00 00 00 00 00 00 00 00 00 00 00 
00 00 00 00 00 00 00 00 00 00 00 00 00 00 00 00 
00 00 00 00 00 00 00 00 00 00 00 00 00 00 00 00 
00 00 00 00 00 00 00 00 00 00 00 00 00 00 00 00 
00 00 00 00 00 00 00 00 00 00 00 00 00 00 00 00 
00 00 00 00 00 00 00 00 00 00 00 00 00 00 00 00 
00 00 00 00 00 00 00 00 00 00 00 00 00 00 00 00 
00 00 00 00 00 00 00 00 00 00 00 00 00 00 00 00 
00 00 00 00 00 00 00 00 00 00 00 00 00 00 00 00 
00 00 00 00 00 00 00 00 00 00 00 00 00 00 00 00 
00 00 00 00 00 00 00 00 00 00 00 00 00 00 00 00 
00 00 00 00 00 00 00 00 00 00 00 00 00 00 00 00 
00 00 00 00 00 00 00 00 00 00 00 00 00 00 00 00 
00 00 00 00 00 00 00 00 00 00 00 00 00 00 00 00 
00 00 00 00 00 00 00 00 00 00 00 00 00 00 00 00 
00 00 00 00 00 00 00 00 00 00 00 00 00 00 00 00 
00 00 00 00 00 00 00 00 00 00 00 00 00 00 00 00 
00 00 00 00 00 00 00 00 00 00 00 00 00 00 00 00 
00 00 00 00 00 00 00 00 00 00 00 00 00 00 00 00 
00 00 00 00 00 00 00 00 00 00 00 00 00 00 00 00 
00 00 00 00 00 00 00 00 00 00 00 00 00 00 00 00 
00 00 00 00 00 00 00 00 00 00 00 00 00 00 00 00 
00 00 00 00 00 00 00 00 00 00 00 00 00 00 00 00 
00 00 00 00 00 00 00 00 00 00 00 00 00 00 00 00 
00 00 00 00 00 00 00 00 00 00 00 00 00 00 00 00 
00 00 00 00 00 00 00 00 00 00 00 00 00 00 00 00 
00 00 00 00 00 00 00 00 00 00 00 00 00 00 00 00 
00 00 00 00 00 00 00 00 00 00 00 00 00 00 00 00 
00 00 00 00 00 00 00 00 00 00 00 00 00 00 00 00 
00 00 00 00 00 00 00 00 00 00 00 00 00 00 00 00 
00 00 00 00 00 00 00 00 00 00 00 00 00 00 00 00 
00 00 00 00 00 00 00 00 00 00 00 00 00 00 00 00 
00 00 00 00 00 00 00 00 00 00 00 00 00 00 00 00 
00 00 00 00 00 00 00 00 00 00 00 00 00 00 00 00 
00 00 00 00 00 00 00 00 00 00 00 00 00 00 00 00 
00 00 00 00 00 00 00 00 00 00 00 00 00 00 00 00 
00 00 00 00 00 00 00 00 00 00 00 00 00 00 00 00 
00 00 00 00 00 00 00 00 00 00 00 00 00 00 00 00 
00 00 00 00 00 00 00 00 00 00 00 00 00 00 00 00 
00 00 00 00 00 00 00 00 00 00 00 00 00 00 00 00 
00 00 00 00 00 00 00 00 00 00 00 00 00 00 00 00 
00 00 00 00 00 00 00 00 00 00 00 00 00 00 00 00 
00 00 00 00 00 00 00 00 00 00 00 00 00 00 00 00 
00 00 00 00 00 00 00 00 00 00 00 00 00 00 00 00 
00 00 00 00 00 00 00 00 00 00 00 00 00 00 00 00 
00 00 00 00 00 00 00 00 00 00 00 00 00 00 00 00 
00 00 00 00 00 00 00 00 00 00 00 00 00 00 00 00 
00 00 00 00 00 00 00 00 00 00 00 00 00 00 00 00 
00 00 00 00 00 00 00 00 00 00 00 00 00 00 00 00 
00 00 00 00 00 00 00 00 00 00 00 00 00 00 00 00 
00 00 00 00 00 00 00 00 00 00 00 00 00 00 00 00 
00 00 00 00 00 00 00 00 00 00 00 00 00 00 00 00 
00 00 00 00 00 00 00 00 00 00 00 00 00 00 00 00 
00 00 00 00 00 00 00 00 00 00 00 00 00 00 00 00 
00 00 00 00 00 00 00 00 00 00 00 00 00 00 00 00 
00 00 00 00 00 00 00 00 00 00 00 00 00 00 00 00 
00 00 00 00 00 00 00 00 00 00 00 00 00 00 00 00 
00 00 00 00 00 00 00 00 00 00 00 00 00 00 00 00 
00 00 00 00 00 00 00 00 00 00 00 00 00 00 00 00 
00 00 00 00 00 00 00 00 00 00 00 00 00 00 00 00 
00 00 00 00 00 00 00 00 00 00 00 00 00 00 00 00 
00 00 00 00 00 00 00 00 00 00 00 00 00 00 00 00 
00 00 00 00 00 00 00 00 00 00 00 00 00 00 00 00 
00 00 00 00 00 00 00 00 00 00 00 00 00 00 00 00 
00 00 00 00 00 00 00 00 00 00 00 00 00 00 00 00 
00 00 00 00 00 00 00 00 00 00 00 00 00 00 00 00 
00 00 00 00 00 00 00 00 00 00 00 00 00 00 00 00 
00 00 00 00 00 00 00 00 00 00 00 00 00 00 00 00 
00 00 00 00 00 00 00 00 00 00 00 00 00 00 00 00 
00 00 00 00 00 00 00 00 00 00 00 00 00 00 00 00 
00 00 00 00 00 00 00 00 00 00 00 00 00 00 00 00 
00 00 00 00 00 00 00 00 00 00 00 00 00 00 00 00 
00 00 00 00 00 00 00 00 00 00 00 00 00 00 00 00 
00 00 00 00 00 00 00 00 00 00 00 00 00 00 00 00 
00 00 00 00 00 00 00 00 00 00 00 00 00 00 00 00 
00 00 00 00 00 00 00 00 00 00 00 00 00 00 00 00 
00 00 00 00 00 00 00 00 00 00 00 00 00 00 00 00 
00 00 00 00 00 00 00 00 00 00 00 00 00 00 00 00 
00 00 00 00 00 00 00 00 00 00 00 00 00 00 00 00 
00 00 00 00 00 00 00 00 00 00 00 00 00 00 00 00 
00 00 00 00 00 00 00 00 00 00 00 00 00 00 00 00 
00 00 00 00 00 00 00 00 00 00 00 00 00 00 00 00 
00 00 00 00 00 00 00 00 00 00 00 00 00 00 00 00 
00 00 00 00 00 00 00 00 00 00 00 00 00 00 00 00 
00 00 00 00 00 00 00 00 00 00 00 00 00 00 00 00 
00 00 00 00 00 00 00 00 00 00 00 00 00 00 00 00 
00 00 00 00 00 00 00 00 00 00 00 00 00 00 00 00 
00 00 00 00 00 00 00 00 00 00 00 00 00 00 00 00 
00 00 00 00 00 00 00 00 00 00 00 00 00 00 00 00 
00 00 00 00 00 00 00 00 00 00 00 00 00 00 00 00 
00 00 00 00 00 00 00 00 00 00 00 00 00 00 00 00 
00 00 00 00 00 00 00 00 00 00 00 00 00 00 00 00 
00 00 00 00 00 00 00 00 00 00 00 00 00 00 00 00 
00 00 00 00 00 00 00 00 00 00 00 00 00 00 00 00 
00 00 00 00 00 00 00 00 00 00 00 00 00 00 00 00 
00 00 00 00 00 00 00 00 00 00 00 00 00 00 00 00 
00 00 00 00 00 00 00 00 00 00 00 00 00 00 00 00 
00 00 00 00 00 00 00 00 00 00 00 00 00 00 00 00 
00 00 00 00 00 00 00 00 00 00 00 00 00 00 00 00 
00 00 00 00 00 00 00 00 00 00 00 00 00 00 00 00 
00 00 00 00 00 00 00 00 00 00 00 00 00 00 00 00 
00 00 00 00 00 00 00 00 00 00 00 00 00 00 00 00 
00 00 00 00 00 00 00 00 00 00 00 00 00 00 00 00 
00 00 00 00 00 00 00 00 00 00 00 00 00 00 00 00 
00 00 00 00 00 00 00 00 00 00 00 00 00 00 00 00 
00 00 00 00 00 00 00 00 00 00 00 00 00 00 00 00 
00 00 00 00 00 00 00 00 00 00 00 00 00 00 00 00 
00 00 00 00 00 00 00 00 00 00 00 00 00 00 00 00 
00 00 00 00 00 00 00 00 00 00 00 00 00 00 00 00 
00 00 00 00 00 00 00 00 00 00 00 00 00 00 00 00 
00 00 00 00 00 00 00 00 00 00 00 00 00 00 00 00 
00 00 00 00 00 00 00 00 00 00 00 00 00 00 00 00 
00 00 00 00 00 00 00 00 00 00 00 00 00 00 00 00 
00 00 00 00 00 00 00 00 00 00 00 00 00 00 00 00 
00 00 00 00 00 00 00 00 00 00 00 00 00 00 00 00 
00 00 00 00 00 00 00 00 00 00 00 00 00 00 00 00 
00 00 00 00 00 00 00 00 00 00 00 00 00 00 00 00 
00 00 00 00 00 00 00 00 00 00 00 00 00 00 00 00 
00 00 00 00 00 00 00 00 00 00 00 00 00 00 00 00 
00 00 00 00 00 00 00 00 00 00 00 00 00 00 00 00 
00 00 00 00 00 00 00 00 00 00 00 00 00 00 00 00 
00 00 00 00 00 00 00 00 00 00 00 00 00 00 00 00 
00 00 00 00 00 00 00 00 00 00 00 00 00 00 00 00 
00 00 00 00 00 00 00 00 00 00 00 00 00 00 00 00 
00 00 00 00 00 00 00 00 00 00 00 00 00 00 00 00 
00 00 00 00 00 00 00 00 00 00 00 00 00 00 00 00 
00 00 00 00 00 00 00 00 00 00 00 00 00 00 00 00 
00 00 00 00 00 00 00 00 00 00 00 00 00 00 00 00 
00 00 00 00 00 00 00 00 00 00 00 00 00 00 00 00 
00 00 00 00 00 00 00 00 00 00 00 00 00 00 00 00 
00 00 00 00 00 00 00 00 00 00 00 00 00 00 00 00 
00 00 00 00 00 00 00 00 00 00 00 00 00 00 00 00 
00 00 00 00 00 00 00 00 00 00 00 00 00 00 00 00 
00 00 00 00 00 00 00 00 00 00 00 00 00 00 00 00 
00 00 00 00 00 00 00 00 00 00 00 00 00 00 00 00 
00 00 00 00 00 00 00 00 00 00 00 00 00 00 00 00 
00 00 00 00 00 00 00 00 00 00 00 00 00 00 00 00 
00 00 00 00 00 00 00 00 00 00 00 00 00 00 00 00 
00 00 00 00 00 00 00 00 00 00 00 00 00 00 00 00 
00 00 00 00 00 00 00 00 00 00 00 00 00 00 00 00 
00 00 00 00 00 00 00 00 00 00 00 00 00 00 00 00 
00 00 00 00 00 00 00 00 00 00 00 00 00 00 00 00 
00 00 00 00 00 00 00 00 00 00 00 00 00 00 00 00 
00 00 00 00 00 00 00 00 00 00 00 00 00 00 00 00 
00 00 00 00 00 00 00 00 00 00 00 00 00 00 00 00 
00 00 00 00 00 00 00 00 00 00 00 00 00 00 00 00 
00 00 00 00 00 00 00 00 00 00 00 00 00 00 00 00 
00 00 00 00 00 00 00 00 00 00 00 00 00 00 00 00 
00 00 00 00 00 00 00 00 00 00 00 00 00 00 00 00 
00 00 00 00 00 00 00 00 00 00 00 00 00 00 00 00 
00 00 00 00 00 00 00 00 00 00 00 00 00 00 00 00 
00 00 00 00 00 00 00 00 00 00 00 00 00 00 00 00 
00 00 00 00 00 00 00 00 00 00 00 00 00 00 00 00 
00 00 00 00 00 00 00 00 00 00 00 00 00 00 00 00 
00 00 00 00 00 00 00 00 00 00 00 00 00 00 00 00 
00 00 00 00 00 00 00 00 00 00 00 00 00 00 00 00 
00 00 00 00 00 00 00 00 00 00 00 00 00 00 00 00 
00 00 00 00 00 00 00 00 00 00 00 00 00 00 00 00 
00 00 00 00 00 00 00 00 00 00 00 00 00 00 00 00 
00 00 00 00 00 00 00 00 00 00 00 00 00 00 00 00 
00 00 00 00 00 00 00 00 00 00 00 00 00 00 00 00 
00 00 00 00 00 00 00 00 00 00 00 00 00 00 00 00 
00 00 00 00 00 00 00 00 00 00 00 00 00 00 00 00 
00 00 00 00 00 00 00 00 00 00 00 00 00 00 00 00 
00 00 00 00 00 00 00 00 00 00 00 00 00 00 00 00 
00 00 00 00 00 00 00 00 00 00 00 00 00 00 00 00 
00 00 00 00 00 00 00 00 00 00 00 00 00 00 00 00 
00 00 00 00 00 00 00 00 00 00 00 00 00 00 00 00 
00 00 00 00 00 00 00 00 00 00 00 00 00 00 00 00 
00 00 00 00 00 00 00 00 00 00 00 00 00 00 00 00 
00 00 00 00 00 00 00 00 00 00 00 00 00 00 00 00 
00 00 00 00 00 00 00 00 00 00 00 00 00 00 00 00 
00 00 00 00 00 00 00 00 00 00 00 00 00 00 00 00 
00 00 00 00 00 00 00 00 00 00 00 00 00 00 00 00 
00 00 00 00 00 00 00 00 00 00 00 00 00 00 00 00 
00 00 00 00 00 00 00 00 00 00 00 00 00 00 00 00 
00 00 00 00 00 00 00 00 00 00 00 00 00 00 00 00 
00 00 00 00 00 00 00 00 00 00 00 00 00 00 00 00 
00 00 00 00 00 00 00 00 00 00 00 00 00 00 00 00 
00 00 00 00 00 00 00 00 00 00 00 00 00 00 00 00 
00 00 00 00 00 00 00 00 00 00 00 00 00 00 00 00 
00 00 00 00 00 00 00 00 00 00 00 00 00 00 00 00 
00 00 00 00 00 00 00 00 00 00 00 00 00 00 00 00 
00 00 00 00 00 00 00 00 00 00 00 00 00 00 00 00 
00 00 00 00 00 00 00 00 00 00 00 00 00 00 00 00 
00 00 00 00 00 00 00 00 00 00 00 00 00 00 00 00 
00 00 00 00 00 00 00 00 00 00 00 00 00 00 00 00 
00 00 00 00 00 00 00 00 00 00 00 00 00 00 00 00 
00 00 00 00 00 00 00 00 00 00 00 00 00 00 00 00 
00 00 00 00 00 00 00 00 00 00 00 00 00 00 00 00 
00 00 00 00 00 00 00 00 00 00 00 00 00 00 00 00 
00 00 00 00 00 00 00 00 00 00 00 00 00 00 00 00 
00 00 00 00 00 00 00 00 00 00 00 00 00 00 00 00 
00 00 00 00 00 00 00 00 00 00 00 00 00 00 00 00 
00 00 00 00 00 00 00 00 00 00 00 00 00 00 00 00 
00 00 00 00 00 00 00 00 00 00 00 00 00 00 00 00 
00 00 00 00 00 00 00 00 00 00 00 00 00 00 00 00 
00 00 00 00 00 00 00 00 00 00 00 00 00 00 00 00 
@8000
4F 14 B1 00 04 00 81 43 00 00 0C 3C 1F 42 CC 05 
C1 4F 02 00 2C 00 54 21 CD 01 ED 03 CE 01 0F 43 
B1 13 0A 1A 92 B3 DC 05 F1 23 A2 B3 DC 05 11 24 
2C 00 58 21 CD 01 ED 03 CE 01 B1 13 44 1D 1C 93 
03 24 A2 C3 DA 05 05 3C 5F 41 02 00 8F 11 82 4F 
CE 05 B1 C0 F0 00 18 00 81 93 00 00 02 24 B1 13 
B2 16 A1 00 04 00 4B 16 00 13 81 00 00 2C B1 13 
78 30 0C 93 02 24 B1 13 C2 1D 0C 43 B1 13 84 30 
1C 43 B1 13 FA 28 92 C3 80 03 82 53 38 23 92 63 
3A 23 B1 C0 F0 00 00 00 00 13 4F 14 B1 C0 F0 00 
14 00 B1 13 56 16 4B 16 00 13 32 D0 10 00 FD 3F 
03 43 20 00 50 72 65 65 6D 70 74 20 00 00 43 6F 
6D 70 6C 65 74 65 20 00 0A 00 49 44 4C 45 00 00 
09 25 63 09 25 75 09 25 75 09 25 75 0D 0A 00 00 
25 63 00 00 54 31 00 00 54 32 00 00 54 33 00 00 
70 72 69 6E 74 00 49 64 6C 65 00 00 52 78 00 00 
54 58 00 00 00 00 00 02 FF FF FF FF FF FF FF FF 
FF FF FF FF FF FF FF FF FF FF FF FF FF FF 20 03 
28 6E 75 6C 6C 29 00 00 04 00 01 DD 00 00 0E 12 
00 01 01 4E 22 00 E5 02 02 8E 24 03 AF 00 01 1F 
73 02 00 C4 FF 22 01 00 14 28 01 00 0E FF 24 01 
00 A2 23 01 00 D8 FF 18 01 00 44 29 01 00 12 19 
20 0D 9F 00 0C 4F 2E 44 22 00 55 06 30 00 B0 9C 
12 7F 00 12 6F 60 F0 30 01 00 32 1D B1 0A 03 00 
03 1C F2 FF F0 00 94 2E 01 00 9C 1F 01 00 B2 2F 
01 00 00 00 7C 05 00 00 2A 81 00 00 7C 21 00 00 
92 81 00 00 00 1C 00 00 
@ff80
FF FF FF FF FF FF FF FF FF FF FF FF FF FF FF FF 
@ffb4
AA 80 AA 80 AA 80 AA 80 AA 80 AA 80 AA 80 AA 80 
AA 80 AA 80 AA 80 AA 80 AA 80 AA 80 AA 80 AA 80 
AA 80 AA 80 AA 80 AA 80 AA 80 AA 80 86 80 AA 80 
AA 80 AA 80 AA 80 9A 80 AA 80 AA 80 00 80 AA 80 
AA 80 AA 80 AA 80 AA 80 AA 80 6A 80 1A 14 0A 43 
82 93 1A 23 EC 20 19 43 0B 43 19 52 00 23 1B 62 
02 23 32 C2 03 43 03 43 3F 40 32 00 00 18 5F 52 
F8 22 9F 83 00 00 03 43 32 D2 03 43 03 43 82 49 
00 23 82 4B 02 23 0B 93 18 20 09 93 16 20 2F 00 
5C 21 8F 93 00 00 0D 20 2F 00 5C 21 00 18 D2 42 
60 21 5C 21 60 0F 60 21 92 53 0E 23 B1 13 F8 2D 
04 3C 32 C2 03 43 03 43 FF 3F 1B 92 14 23 9E 28 
80 20 19 92 12 23 9A 28 7C 3C 3E 0F 14 00 3D 0F 
08 00 00 18 DD 4F 0C 00 08 00 3D 0F 0C 00 00 18 
DD 4F 08 00 04 00 CD 0F AD 00 04 00 00 18 CE 9D 
02 00 04 20 00 18 DE 4F 0C 00 02 00 00 18 CF 43 
14 00 9E 83 00 00 00 18 CF 93 28 00 1E 24 3E 0F 
28 00 3D 0F 1C 00 00 18 DD 4F 20 00 08 00 3D 0F 
20 00 00 18 DD 4F 1C 00 04 00 CD 0F AD 00 18 00 
00 18 CE 9D 02 00 04 20 00 18 DE 4F 20 00 02 00 
00 18 CF 43 28 00 9E 83 00 00 92 9F 2C 00 04 23 
03 2C 92 4F 2C 00 04 23 1C 4F 2C 00 3D 40 12 00 
B1 13 84 2F 00 18 5E 4C A2 20 7F 0E 08 00 00 18 
DF 4E 08 00 0C 00 CD 0F AD 00 04 00 3C 0E 08 00 
7C 0D 04 00 CD 0F AD 00 04 00 7E 0D 08 00 1C 4F 
2C 00 3D 40 12 00 B1 13 84 2F 0E 4C AE 00 A0 20 
7F 0E 14 00 1C 4F 2C 00 3D 40 12 00 B1 13 84 2F 
9C 53 A0 20 2E 00 F8 22 9F 9E 2C 00 2C 00 01 28 
1A 43 2F 00 5C 21 8F 93 00 00 14 24 2F 00 5C 21 
3F 0F 0A 00 3F 0F 0C 00 1D 4F 04 00 1E 4F 06 00 
0B 9E 03 28 72 23 09 9D 70 2F 82 4D 12 23 82 4E 
14 23 04 3C B2 43 12 23 B2 43 14 23 2F 00 F8 22 
1C 4F 2C 00 3D 40 12 00 B1 13 84 2F AC 93 A0 20 
01 28 1A 43 82 93 0A 23 05 20 82 93 08 23 02 20 
B1 13 F4 30 82 93 0C 23 08 24 1A 43 06 3C 92 53 
08 23 82 63 0A 23 B1 13 F4 30 CC 0A 19 16 10 01 
6A 14 F1 03 CA 0E C9 0F C8 0C C7 0D 09 93 02 20 
0A 93 96 24 34 40 00 00 04 93 07 20 3F 40 00 04 
2F 92 03 2C 0F 43 0E 43 05 3C 3F 40 00 04 CE 04 
2F 82 0E 73 0E 99 84 28 02 20 0F 9A 81 28 3A 50 
03 00 09 63 3A F0 FC FF 39 F3 07 93 02 20 28 92 
0C 28 C6 08 C5 07 16 83 05 73 CE 06 0E F8 CF 05 
0F F7 0F 93 02 20 0E 93 05 24 36 40 03 00 05 43 
28 42 07 43 80 13 50 23 40 18 82 93 62 23 1F 20 
04 93 04 20 3F 40 00 04 2F 92 13 28 3F 40 00 04 
2F 82 04 73 02 20 0F 93 0C 24 B1 13 C8 2F 60 0C 
74 21 00 18 CC 43 04 00 8C 4F 00 00 8C 44 02 00 
03 3C 00 18 C2 43 74 21 40 18 92 43 62 23 2C 00 
74 21 CE 06 DC 03 38 24 CF 05 36 E3 3F E3 81 4F 
00 00 CB 0C AB 00 04 00 2F 41 0F 18 4F 5F 00 18 
4F D6 CD 05 0F 18 4D 5D 00 18 4D DE ED 0B 00 18 
4D FF DB 0D 0F 24 CF 0C AF 00 08 00 06 3C C4 07 
0F 18 44 54 00 18 44 D8 ED 04 C4 0D B4 00 04 00 
D4 0F F5 2B CF 09 0F 18 4F 5F 00 18 4F DA EF 0D 
84 0F FE FF 00 18 64 FC E4 0B D4 0F 05 2C 3C 0C 
04 00 DC 03 CE 23 02 3C DC 03 04 20 80 13 54 23 
0C 43 3C 3C B1 13 A4 2D DD 0B 02 20 C8 0C 2C 3C 
CF 0B 0F 19 4F 10 0E 4F 0F 4D 0F 19 4D 10 0F 8B 
08 4D 08 7E 2F 82 08 73 CD 0F 3F 40 FE FF 3E 43 
2F FC 1E FC 02 00 0F 8D 0E 78 2F 82 0E 73 8C 4D 
00 00 8C 48 02 00 0F 18 48 58 00 18 48 DD 80 1F 
78 F0 FE FF E8 0C A8 00 04 00 1F D3 88 4F 00 00 
88 4E 02 00 B1 13 8A 29 CC 08 CD 0A CE 09 B1 13 
36 14 80 13 54 23 CC 08 AC 00 04 00 E1 03 64 16 
10 01 4A 14 B1 00 0C 00 C8 0E C9 0D C6 0C 07 43 
0F 93 05 24 1F 83 0A 4F 00 18 6A 56 BA 3C 0A 43 
B8 3C 3D 40 25 00 6D 99 AC 24 3D 40 2D 00 6D 99 
07 20 A9 00 01 00 1F 43 03 3C A9 00 01 00 2F D3 
3D 40 30 00 6D 99 F9 27 F9 90 30 00 00 00 04 28 
F9 90 3A 00 00 00 88 28 3D 40 73 00 6D 99 74 24 
3D 40 64 00 6D 99 5C 24 3D 40 78 00 6D 99 44 24 
3D 40 58 00 6D 99 2C 24 3D 40 75 00 6D 99 14 24 
3D 40 63 00 6D 99 83 20 E8 03 D1 48 FE FF 0A 00 
C1 43 0B 00 71 0A 00 00 CC 06 CD 01 AD 00 0A 00 
B1 13 3E 1C 07 5C 73 3C 81 4E 00 00 81 4F 02 00 
B1 40 61 00 04 00 71 0A 06 00 E8 03 1D 48 FE FF 
CC 06 3E 40 0A 00 0F 43 B1 13 44 0E 07 5C 5F 3C 
81 4E 00 00 81 4F 02 00 B1 40 41 00 04 00 71 0A 
06 00 E8 03 1D 48 FE FF CC 06 3E 40 10 00 0F 43 
B1 13 44 0E 07 5C 4B 3C 81 4E 00 00 81 4F 02 00 
B1 40 61 00 04 00 71 0A 06 00 E8 03 1D 48 FE FF 
CC 06 3E 40 10 00 0F 43 B1 13 44 0E 07 5C 37 3C 
81 4E 00 00 81 4F 02 00 B1 40 61 00 04 00 71 0A 
06 00 E8 03 1D 48 FE FF CC 06 3E 40 0A 00 1F 43 
B1 13 44 0E 07 5C 23 3C E8 03 1D 48 FE FF 4D 0E 
4D 0D DD 03 02 20 8D 00 20 81 71 0A 00 00 CC 06 
B1 13 3E 1C 07 5C 13 3C CC 0E 3D 40 0A 00 B1 13 
84 2F CE 0C 6D 49 0E 5D 3E 80 30 00 A9 00 01 00 
63 3F 6D 49 CC 06 CE 0A B1 13 18 2C 17 53 A9 00 
01 00 C9 93 00 00 0B 24 3F 40 25 00 6F 99 F1 23 
0F 43 CE 0F A9 00 01 00 C9 93 00 00 3A 23 D6 03 
03 24 0F 06 CF 43 00 00 CC 07 A1 00 0C 00 46 16 
10 01 2A 14 0F 43 08 43 82 93 1A 23 BA 24 32 C2 
03 43 03 43 92 53 5C 23 92 83 1A 23 82 93 1A 23 
A4 20 82 93 FE 22 A1 24 7D 3C 2F 00 28 21 3F 0F 
0C 00 3E 0F 28 00 3D 0F 1C 00 00 18 DD 4F 20 00 
08 00 3D 0F 20 00 00 18 DD 4F 1C 00 04 00 CD 0F 
AD 00 18 00 00 18 CE 9D 02 00 04 20 00 18 DE 4F 
20 00 02 00 00 18 CF 43 28 00 9E 83 00 00 3E 0F 
14 00 3D 0F 08 00 00 18 DD 4F 0C 00 08 00 3D 0F 
0C 00 00 18 DD 4F 08 00 04 00 CD 0F AD 00 04 00 
00 18 CE 9D 02 00 04 20 00 18 DE 4F 0C 00 02 00 
00 18 CF 43 14 00 9E 83 00 00 92 9F 2C 00 04 23 
03 2C 92 4F 2C 00 04 23 1C 4F 2C 00 3D 40 12 00 
B1 13 84 2F 00 18 5E 4C A2 20 7F 0E 08 00 00 18 
DF 4E 08 00 0C 00 CD 0F AD 00 04 00 3C 0E 08 00 
7C 0D 04 00 CD 0F AD 00 04 00 7E 0D 08 00 1C 4F 
2C 00 3D 40 12 00 B1 13 84 2F 0E 4C AE 00 A0 20 
7F 0E 14 00 1C 4F 2C 00 3D 40 12 00 B1 13 84 2F 
9C 53 A0 20 2E 00 F8 22 9F 9E 2C 00 2C 00 02 28 
92 43 0C 23 82 93 1E 21 80 23 DF 03 02 24 B1 13 
F8 2D 1A 42 08 23 19 42 0A 23 09 93 02 20 0A 93 
0E 24 B1 13 00 00 0C 93 02 24 92 43 0C 23 1A 83 
09 73 F7 23 0A 93 F5 23 00 18 C2 43 08 23 82 93 
0C 23 03 24 18 43 B1 13 B2 16 82 93 5C 23 07 24 
92 83 5C 23 04 20 03 43 32 D2 03 43 03 43 CC 08 
04 3C 32 C2 03 43 03 43 FF 3F 28 16 10 01 2A 14 
CA 0C C9 0D 08 43 B1 13 E4 30 00 18 C2 93 1C 23 
02 20 B1 13 AC 12 CE 0A CF 09 1E F2 30 23 1F F2 
32 23 0F 93 9E 20 0E 93 9C 20 09 93 02 20 0A 93 
27 24 CE 0A CF 09 3E 52 0F 63 09 9F 03 28 20 20 
0A 9E 1E 2C 3A 52 09 63 1A B3 1C 24 CE 0A CF 09 
3E F0 FE FF 3F F3 2E 53 0F 63 09 9F 03 28 0D 20 
0A 9E 0B 2C 3A F0 FE FF 39 F3 2A 53 09 63 1A B3 
09 24 32 C2 03 43 03 43 FF 3F 0A 43 09 43 02 3C 
0A 43 09 43 09 93 02 20 0A 93 6B 24 82 99 22 23 
68 28 03 20 82 9A 20 23 64 28 8F 00 64 21 2D 00 
64 21 06 3C 32 C2 03 43 03 43 FF 3F CF 0D 0D 0D 
8D 99 06 00 04 28 07 20 8D 9A 04 00 04 2C 00 18 
CD 93 00 00 F3 23 00 18 5D 92 1C 23 4A 24 38 42 
00 18 68 5F 00 18 EF 4D 00 00 1F 4D 04 00 1E 4D 
06 00 0F 8A 0E 79 03 20 3F 90 11 00 18 28 CC 09 
0F 18 4C 5C 00 18 4C DA EC 0D 1C B3 D3 23 1E 4D 
04 00 1F 4D 06 00 0E 8A 0F 79 8C 4E 04 00 8C 4F 
06 00 8D 4A 04 00 8D 49 06 00 B1 13 52 22 92 8D 
04 00 20 23 92 7D 06 00 22 23 92 92 26 23 22 23 
05 28 0A 20 92 92 24 23 20 23 06 2C 92 42 20 23 
24 23 92 42 22 23 26 23 9D D2 30 23 04 00 9D D2 
32 23 06 00 00 18 CD 43 00 00 92 53 28 23 82 63 
2A 23 B1 13 76 05 D8 03 02 20 B1 13 B4 30 18 B3 
02 20 CC 08 04 3C 32 C2 03 43 03 43 FF 3F 28 16 
10 01 2A 14 CA 0C DA 03 A0 24 80 13 50 23 BA 00 
04 00 CB 0A 89 00 20 79 D9 0B 0C 2C CA 09 8F 0F 
FE FF 00 18 6F FA EF 09 AF 00 04 00 C9 0F D9 0B 
F5 2B 01 3C 0A 43 28 49 1D 49 02 00 0F 18 4D 5D 
00 18 4D D8 80 1F 7D F0 FE FF ED 09 AD 00 04 00 
3E 40 00 04 3F 40 00 00 0F 93 05 20 2E 92 03 2C 
0E 43 0F 43 02 3C 2E 82 0F 73 B1 13 C8 2F 0F 18 
4F 5F 00 18 4F DE EF 0C DF 0D 01 2C 0D 43 D9 0B 
62 20 18 B3 60 24 DA 03 04 24 1F 43 2F BA 01 24 
0A 43 DD 03 04 24 1F 43 2F BD 01 24 0D 43 DA 03 
03 24 CC 0A B1 13 A4 2D DD 03 03 24 CC 0D B1 13 
A4 2D DA 03 19 20 DD 03 06 20 BB F0 FE FF 00 00 
BB F3 02 00 3D 3C 3A 40 FE FF 3C 43 2A FD 1C FD 
02 00 3E 40 FE FF 3F 43 2E FB 1F FB 02 00 0E 5A 
0F 6C 2E 52 CA 0B 27 3C 2E 4A 1F 4A 02 00 DD 03 
15 24 39 40 FE FF 3C 43 29 FB 1C FB 02 00 3E F0 
FE FF 3F F3 0E 59 0F 6C 3B 40 FE FF 3C 43 2B FD 
1C FD 02 00 0E 5B 0F 6C 3E 52 0C 3C 3C 40 FE FF 
3D 43 2C FB 1D FB 02 00 3E F0 FE FF 3F F3 0E 5C 
0F 6D 2E 52 CB 0A 0F 63 8A 4E 00 00 8A 4F 02 00 
CC 0B B1 13 8A 29 80 13 54 23 28 16 10 01 3F 0C 
0A 00 3F 0F 0C 00 DF 03 9B 24 3E 0F 28 00 3D 0F 
1C 00 00 18 DD 4F 20 00 08 00 3D 0F 20 00 00 18 
DD 4F 1C 00 04 00 CD 0F AD 00 18 00 00 18 CE 9D 
02 00 04 20 00 18 DE 4F 20 00 02 00 00 18 CF 43 
28 00 9E 83 00 00 82 93 1A 23 54 20 3E 0F 14 00 
3D 0F 08 00 00 18 DD 4F 0C 00 08 00 3D 0F 0C 00 
00 18 DD 4F 08 00 04 00 CD 0F AD 00 04 00 00 18 
CE 9D 02 00 04 20 00 18 DE 4F 0C 00 02 00 00 18 
CF 43 14 00 9E 83 00 00 92 9F 2C 00 04 23 03 2C 
92 4F 2C 00 04 23 1C 4F 2C 00 3D 40 12 00 B1 13 
84 2F 00 18 5E 4C A2 20 7F 0E 08 00 00 18 DF 4E 
08 00 0C 00 CD 0F AD 00 04 00 3C 0E 08 00 7C 0D 
04 00 CD 0F AD 00 04 00 7E 0D 08 00 1C 4F 2C 00 
3D 40 12 00 B1 13 84 2F 0E 4C AE 00 A0 20 7F 0E 
14 00 1C 4F 2C 00 3D 40 12 00 B1 13 84 2F 9C 53 
A0 20 1A 3C 2E 00 20 21 7F 0E 1C 00 00 18 DF 4E 
08 00 20 00 CD 0F AD 00 18 00 3C 0E 08 00 7C 0D 
04 00 CD 0F AD 00 18 00 7E 0D 08 00 00 18 FF 40 
1E 21 28 00 92 53 1E 21 2E 00 F8 22 9E 9F 2C 00 
2C 00 02 28 0C 43 08 3C 1C 43 92 43 0C 23 04 3C 
32 C2 03 43 03 43 FF 3F 10 01 6A 14 B1 00 04 00 
C4 0E C9 0F C6 0D 71 0C 00 00 38 01 2E 00 35 01 
2A 00 17 41 28 00 3A 01 24 00 3C 08 2E 00 5E 02 
0F 6F 5E 02 0F 6F 3D 40 A5 00 B1 13 DC 2E 0F 18 
49 59 00 18 49 D4 B9 00 01 00 49 06 00 18 59 58 
2E 00 80 1F 79 F0 FE FF 19 B3 69 20 D6 03 19 24 
0F 43 3F 90 0F 00 0F 2C 0E 4F EE 06 0D 4F ED 08 
ED 4E 38 00 0E 4F EE 06 CE 93 00 00 04 24 1F 53 
3F 90 0F 00 F1 2B CF 08 AF 00 38 00 CF 43 0E 00 
02 3C C8 43 38 00 37 90 05 00 45 2C 37 90 05 00 
01 28 27 42 88 47 2C 00 A8 4A 34 00 A8 4A 36 00 
98 4A 02 00 32 00 88 47 4C 00 88 43 4E 00 CC 08 
AC 00 04 00 B1 13 D0 30 CC 08 AC 00 18 00 B1 13 
D0 30 78 08 10 00 3E 40 05 00 0F 43 0E 87 0F 73 
88 4E 18 00 88 4F 1A 00 78 08 24 00 CC 08 AC 00 
50 00 0D 43 2E 42 0F 43 B1 13 DC 2E CC 08 AC 00 
54 00 0D 43 1E 43 0F 43 B1 13 DC 2E CC 09 3D 01 
00 00 CE 0A B1 13 B8 2E 78 0C 00 00 D5 03 0B 24 
75 08 00 00 08 3C 32 C2 03 43 03 43 FF 3F 32 C2 
03 43 03 43 FF 3F A1 00 04 00 64 16 10 01 4A 14 
C8 0F C7 0E C6 0D C9 0C 1A 41 18 00 80 13 50 23 
3F 43 2F 99 48 24 27 92 04 24 0A 93 02 20 08 93 
42 24 3C 09 02 00 DC 03 18 24 1F 49 12 00 3F B2 
06 24 BC 00 01 00 B1 13 86 08 1F 49 12 00 00 18 
C9 43 02 00 00 18 C9 43 06 00 00 18 C9 43 0A 00 
00 18 C9 43 0E 00 3F C2 02 3C 1F 49 12 00 07 93 
01 20 17 43 3F F0 F8 FF 0F D7 89 4F 12 00 0A 93 
03 20 18 93 01 20 06 43 0A 93 03 20 38 90 01 01 
03 28 38 40 00 01 0A 43 D6 03 16 20 18 53 0A 63 
CC 08 CD 0A B1 13 90 30 DC 03 07 20 79 0C 02 00 
B9 D0 00 04 12 00 3A 43 22 3C AC 00 01 00 79 0C 
02 00 B9 D2 12 00 05 3C CC 06 AC 00 01 00 79 0C 
02 00 79 0C 0E 00 79 0C 06 00 0F 18 4A 5A 00 18 
4A D8 EA 0C BA 00 01 00 79 0A 0A 00 80 13 54 23 
80 13 50 23 80 18 F2 40 76 2B 48 23 0A 43 80 13 
54 23 CC 0A 46 16 10 01 B1 00 1A 00 00 18 C2 43 
78 21 1C 43 2D 42 4E 43 B1 13 34 23 60 0C 58 23 
A1 42 06 00 91 43 08 00 B1 40 05 00 0A 00 A1 43 
0C 00 B1 40 0A 00 0E 00 A1 43 10 00 81 43 12 00 
81 43 14 00 B1 40 F4 01 16 00 81 43 18 00 00 18 
C2 93 58 23 53 24 91 43 00 00 00 18 C1 43 02 00 
8C 01 3A 1E 8D 00 E4 80 3E 40 55 00 CF 01 AF 00 
06 00 B1 13 2E 1B A1 43 00 00 00 18 C1 43 02 00 
8C 01 B0 1E 8D 00 E8 80 3E 40 55 00 CF 01 AF 00 
0A 00 B1 13 2E 1B B1 40 03 00 00 00 00 18 C1 43 
02 00 8C 01 26 1F 8D 00 EC 80 3E 40 55 00 CF 01 
AF 00 0E 00 B1 13 2E 1B A1 42 00 00 00 18 C1 43 
02 00 8C 01 C4 1C 8D 00 F0 80 3E 40 55 00 CF 01 
AF 00 12 00 B1 13 2E 1B A1 42 00 00 00 18 C1 43 
02 00 8C 01 9C 30 8D 00 F6 80 3E 40 55 00 CF 01 
AF 00 16 00 B1 13 2E 1B B1 13 60 26 FF 3F 03 43 
6A 14 B1 00 18 00 81 4E 10 00 71 0C 14 00 35 01 
3E 00 14 41 3C 00 91 41 3A 00 12 00 18 41 38 00 
06 43 C7 06 CA 0D 0D 93 10 20 F1 40 30 00 04 00 
C1 43 05 00 71 05 00 00 CD 01 AD 00 04 00 CE 08 
1F 41 12 00 B1 13 3E 1C 4F 3C 0F 93 0B 24 1F 41 
10 00 3F 90 0A 00 06 20 0D 93 04 34 16 43 3D E3 
1D 53 CA 0D C9 01 A9 00 0F 00 C9 43 00 00 0A 93 
19 24 CC 0A 1D 41 10 00 B1 13 0A 30 3E 90 0A 00 
03 38 0E 54 3E 80 3A 00 B9 00 01 00 7E 50 30 00 
C9 4E 00 00 CC 0A 1D 41 10 00 B1 13 0A 30 CA 0C 
0A 93 E7 23 06 93 15 24 08 93 04 24 1F 41 12 00 
2F B3 06 20 B9 00 01 00 F9 40 2D 00 00 00 09 3C 
3C 01 14 00 3D 40 2D 00 CE 05 B1 13 18 2C 17 53 
18 83 71 05 00 00 3C 01 14 00 CD 09 CE 08 1F 41 
12 00 B1 13 3E 1C 0C 57 A1 00 18 00 64 16 10 01 
3C 40 5C 01 B1 13 9C 2F 5C 43 3D 40 FF 00 B1 13 
FC 2E 6C 43 3D 40 FF 00 B1 13 FC 2E 7C 40 03 00 
3D 40 FF 00 B1 13 FC 2E 6C 42 3D 40 FF 00 B1 13 
FC 2E 7C 40 0D 00 3D 43 B1 13 FC 2E 5C 43 3D 40 
FF 00 B1 13 4E 2C 6C 43 3D 40 FF 00 B1 13 4E 2C 
7C 40 03 00 3D 40 FF 00 B1 13 4E 2C 6C 42 3D 40 
FF 00 B1 13 4E 2C 7C 40 0D 00 3D 43 B1 13 4E 2C 
6C 43 1D 43 B1 13 FC 2E 6C 43 1D 43 B1 13 4E 2C 
6C 43 2D 43 6E 43 B1 13 6E 21 6C 43 1D 43 6E 43 
B1 13 E0 21 7C 40 0D 00 3D 40 30 00 5E 43 B1 13 
6E 21 0C 43 3D 40 0C 00 B1 13 20 30 3C 40 00 80 
0D 43 0E 43 0F 43 B1 13 32 30 5C 43 0D 43 0E 43 
B1 13 78 24 6C 42 3D 40 03 00 0E 43 B1 13 78 24 
6C 43 3D 40 03 00 0E 43 B1 13 78 24 0C 43 B1 13 
02 2B B1 13 D8 30 10 01 0A 14 CA 0C 32 C2 03 43 
03 43 92 53 5C 23 92 53 FE 22 00 18 C2 93 F8 22 
08 20 60 0A F8 22 92 93 FE 22 0E 20 B1 13 40 25 
0B 3C 82 93 06 23 08 20 2F 00 F8 22 9A 9F 2C 00 
2C 00 02 28 60 0A F8 22 92 53 10 23 9A 42 10 23 
48 00 92 9A 2C 00 04 23 03 2C 92 4A 2C 00 04 23 
1C 4A 2C 00 3D 40 12 00 B1 13 84 2F 00 18 5F 4C 
A2 20 7A 0F 08 00 00 18 DA 4F 08 00 0C 00 CE 0A 
AE 00 04 00 3D 0F 08 00 7D 0E 04 00 CE 0A AE 00 
04 00 7F 0E 08 00 1C 4A 2C 00 3D 40 12 00 B1 13 
84 2F 0F 4C AF 00 A0 20 7A 0F 14 00 1C 4A 2C 00 
3D 40 12 00 B1 13 84 2F 9C 53 A0 20 82 93 5C 23 
07 24 92 83 5C 23 04 20 03 43 32 D2 03 43 03 43 
82 93 06 23 08 24 2F 00 F8 22 9F 9A 2C 00 2C 00 
02 2C B1 13 B2 16 0A 16 10 01 2A 14 C8 0D 19 43 
CA 0C DA 03 63 24 DA 03 58 24 8A 93 36 00 55 24 
1E 4A 36 00 0F 43 3C 43 3D 43 B1 13 18 27 0D 93 
03 20 1C 9A 38 00 49 28 32 C2 03 43 03 43 92 53 
5C 23 1C 4A 36 00 1D 4A 38 00 B1 13 84 2F 0F 4C 
00 18 6F 5A 7A 0F 08 00 8A 43 34 00 00 18 EA 4A 
04 00 1C 4A 36 00 1C 83 1D 4A 38 00 B1 13 84 2F 
0F 4C 00 18 6F 5A 7A 0F 0C 00 FA 43 3A 00 FA 43 
3B 00 08 93 0D 20 8A 93 10 00 14 24 CC 0A AC 00 
10 00 B1 13 D2 09 0C 93 0D 24 B1 13 B2 16 0A 3C 
CC 0A AC 00 10 00 B1 13 78 2D CC 0A AC 00 22 00 
B1 13 78 2D 82 93 5C 23 09 24 92 83 5C 23 06 20 
03 43 32 D2 03 43 03 43 01 3C 09 43 09 93 02 24 
CC 09 08 3C 32 C2 03 43 03 43 FF 3F 32 C2 03 43 
03 43 FF 3F 28 16 10 01 0A 14 CA 0C 0F 43 DC 03 
57 24 00 18 5A 92 F8 22 59 20 8A 93 4E 00 52 24 
9A 83 4E 00 9A 9A 4C 00 2C 00 4A 24 8A 93 4E 00 
47 20 AC 00 04 00 B1 13 3C 2B 9A 4A 4C 00 2C 00 
3E 40 05 00 0F 43 1E 8A 2C 00 0F 73 8A 4E 18 00 
8A 4F 1A 00 92 9A 2C 00 04 23 03 2C 92 4A 2C 00 
04 23 1C 4A 2C 00 3D 40 12 00 B1 13 84 2F 00 18 
5F 4C A2 20 7A 0F 08 00 00 18 DA 4F 08 00 0C 00 
CE 0A AE 00 04 00 3D 0F 08 00 7D 0E 04 00 CE 0A 
AE 00 04 00 7F 0E 08 00 1C 4A 2C 00 3D 40 12 00 
B1 13 84 2F 0F 4C AF 00 A0 20 7A 0F 14 00 1C 4A 
2C 00 3D 40 12 00 B1 13 84 2F 9C 53 A0 20 1F 43 
CC 0F 08 3C 32 C2 03 43 03 43 FF 3F 32 C2 03 43 
03 43 FF 3F 0A 16 10 01 0A 14 3C 40 00 38 0D 43 
8E 00 00 40 0F 4E 0F 19 4E 10 0E 4E 1F B3 0F 24 
1F 53 0E 63 3F F0 FE FF 3E F3 0C 8F 0D 7E 8B 00 
00 40 0A 4B 0F 19 4B 10 0B 4B 0C 5A 0D 6B CB 0E 
0F 18 4B 5B 00 18 4B DF 60 0B 64 21 00 18 C2 43 
68 21 0F 4B CE 0B 0F 19 4E 10 0E 4E 0F 5C 0E 6D 
3F 82 0E 73 3F F0 FE FF 3E F3 82 4F 1C 23 82 4E 
1E 23 B2 F0 0F 00 1E 23 2D 00 1C 23 00 18 CD 43 
04 00 2D 00 1C 23 00 18 CD 43 00 00 CD 0B 0F 19 
4D 10 0D 4D 0F 8B 0E 7D 8B 4F 04 00 8B 4E 06 00 
00 18 DB 42 1C 23 00 00 92 4B 04 00 24 23 92 4B 
06 00 26 23 92 4B 04 00 20 23 92 4B 06 00 22 23 
82 43 30 23 B2 40 00 80 32 23 0A 16 10 01 4A 14 
C6 0E C9 0C CA 0D 17 42 00 23 18 42 02 23 2C 42 
00 18 5C 52 F8 22 B1 13 3C 2B 3A 93 04 20 39 93 
02 20 06 93 2A 20 09 57 0A 68 2F 00 F8 22 8F 49 
04 00 8F 4A 06 00 0A 98 17 28 02 20 09 97 14 28 
2D 42 00 18 5D 52 F8 22 2C 00 5C 21 B1 13 70 27 
1A 92 14 23 04 28 33 20 19 92 12 23 30 2C 82 49 
12 23 82 4A 14 23 2B 3C 2D 42 00 18 5D 52 F8 22 
2C 00 60 21 B1 13 70 27 22 3C 2F 00 32 21 2E 00 
F8 22 7E 0F 08 00 2E 00 F8 22 00 18 DE 4F 08 00 
0C 00 2E 42 00 18 5E 52 F8 22 3D 0F 08 00 7D 0E 
04 00 2E 42 00 18 5E 52 F8 22 7F 0E 08 00 2F 00 
F8 22 00 18 FF 40 30 21 14 00 92 53 30 21 46 16 
10 01 2A 14 CA 0D C9 0E C8 0C 3E 40 FE FF 3F 43 
2E F8 1F F8 02 00 0E 8A 0F 79 02 20 3E 92 4E 28 
CD 09 0F 18 4D 5D 00 18 4D DA ED 08 AD 00 04 00 
2E 82 0F 73 8D 4E 00 00 8D 4F 02 00 8B 0F FE FF 
00 18 6B FD EB 0D AB 00 04 00 3E 40 00 04 3F 40 
00 00 0F 93 05 20 2E 92 03 2C 0E 43 0F 43 02 3C 
2E 82 0F 73 B1 13 C8 2F 0F 18 4F 5F 00 18 4F DE 
EF 0C DB 0F 1A 2C 1F 43 2F BB 17 20 CC 0B B1 13 
A4 2D 3E 40 FE FF 3F 43 2E FB 1F FB 02 00 3B 40 
FE FF 3C 43 2B FD 1C FD 02 00 0B 5E 0C 6F 2B 52 
0C 63 8D 4B 00 00 8D 4C 02 00 CC 0D B1 13 8A 29 
1A D3 88 4A 00 00 88 49 02 00 02 3C 98 D3 00 00 
28 16 10 01 1A 14 CB 0D CD 0E CF 0C 0A 43 DF 03 
4B 24 0D 93 02 20 0B 93 43 24 82 93 1A 23 3C 20 
B1 13 E4 30 19 42 00 23 1E 42 02 23 CC 0B 2C 5F 
1D 6F 02 00 1E 9F 02 00 10 28 02 20 29 9F 0D 28 
1D 9F 02 00 08 28 02 20 2C 9F 05 28 0E 9D 03 28 
10 20 09 9C 0E 2C 1A 43 0C 3C 1D 9F 02 00 03 28 
08 20 2C 9F 06 2C 0E 9D 03 28 03 20 09 9C 01 2C 
1A 43 8F 4C 00 00 8F 4D 02 00 0A 93 05 24 0C 89 
0D 7E 0E 43 B1 13 72 13 B1 13 76 05 0C 93 02 20 
B1 13 B2 16 CC 0A 0C 3C 32 C2 03 43 03 43 FF 3F 
32 C2 03 43 03 43 FF 3F 32 C2 03 43 03 43 FF 3F 
19 16 10 01 2A 14 82 93 1A 23 4F 20 82 43 0C 23 
0C 43 B1 13 18 2F C8 0C 2A 00 F8 22 B1 13 02 26 
0C 43 B1 13 18 2F C9 0C B1 13 BE 30 32 C2 03 43 
03 43 92 53 5C 23 3F 0A 14 00 2D 00 5C 21 2E 00 
60 21 1A 43 DF 0D 03 24 DF 0E 01 24 0A 43 82 93 
5C 23 07 24 92 83 5C 23 04 20 03 43 32 D2 03 43 
03 43 D8 99 01 00 01 00 22 24 B1 13 FC 16 8C 00 
B2 80 B1 13 B0 28 0A 93 05 20 8C 00 B4 80 B1 13 
B0 28 04 3C 8C 00 BE 80 B1 13 B0 28 CC 08 B1 13 
B0 28 8C 00 B2 80 B1 13 B0 28 CC 09 B1 13 B0 28 
8C 00 C8 80 B1 13 B0 28 02 3C 92 43 0C 23 28 16 
10 01 02 12 BF 14 1E 42 5C 23 0E 14 2C 00 F8 22 
7C 01 00 00 B1 13 00 00 B1 13 A8 15 2C 00 F8 22 
01 0C 0F 16 82 4F 5C 23 B4 16 03 43 32 41 03 43 
10 01 02 12 BF 14 1E 42 5C 23 0E 14 2C 00 F8 22 
7C 01 00 00 B1 13 00 00 2C 00 F8 22 01 0C 0F 16 
82 4F 5C 23 B4 16 03 43 32 41 03 43 10 01 02 12 
32 C2 03 43 BF 14 1E 42 5C 23 0E 14 2C 00 F8 22 
7C 01 00 00 B1 13 A8 15 2C 00 F8 22 01 0C 0F 16 
82 4F 5C 23 B4 16 03 43 32 41 03 43 10 01 B1 13 
48 2E 2C 00 F8 22 01 0C 0F 16 82 4F 5C 23 B4 16 
03 43 32 41 03 43 10 01 1A 14 C9 0C 82 93 7A 21 
04 20 B2 90 00 04 78 21 46 24 09 93 36 24 3A 40 
64 00 09 9A 08 34 CC 0A 3D 40 0A 00 B1 13 4C 2D 
CA 0C 09 9A F8 3B 1A 93 36 38 82 93 7A 21 05 38 
32 20 B2 90 00 04 78 21 2E 2C CC 09 CD 0A B1 13 
4C 2D 3D 40 0A 00 B1 13 4C 2D 7E 50 30 00 1D 42 
78 21 1F 42 7A 21 CC 0D 1C 53 0F 63 82 4C 78 21 
82 4F 7A 21 CD 4E 00 1C CC 0A 3D 40 0A 00 B1 13 
4C 2D CA 0C 1A 93 D9 37 0E 3C 1E 42 78 21 1F 42 
7A 21 CD 0E 1D 53 0F 63 82 4D 78 21 82 4F 7A 21 
FE 40 30 00 00 1C 19 16 10 01 3A 14 C7 0E C9 0C 
08 43 1A 49 34 00 89 93 38 00 0D 20 00 18 C9 93 
00 00 3C 20 3C 09 08 00 B1 13 DC 11 C8 0C 00 18 
C9 43 08 00 33 3C 07 93 15 20 3C 09 04 00 1E 49 
38 00 0F 43 B1 13 8A 2A 1F 49 38 00 00 18 C9 5F 
04 00 00 18 D9 99 08 00 04 00 20 28 00 18 E9 49 
04 00 1C 3C 3C 09 0C 00 1E 49 38 00 0F 43 B1 13 
8A 2A 1F 49 38 00 00 18 C9 8F 0C 00 00 18 E9 99 
0C 00 07 2C 1E 49 38 00 3F 09 08 00 FF 0E 79 0F 
0C 00 27 93 03 20 0A 93 01 24 1A 83 1A 53 89 4A 
34 00 CC 08 37 16 10 01 0A 14 32 C2 03 43 03 43 
92 53 5C 23 DC 03 02 24 CA 0C 02 3C 2A 00 F8 22 
CC 0A AC 00 04 00 B1 13 3C 2B 00 18 CA 93 28 00 
05 24 CC 0A AC 00 18 00 B1 13 3C 2B 92 53 10 23 
00 18 5A 92 F8 22 08 24 92 83 FE 22 CC 0A B1 13 
DE 2F B1 13 F8 2D 09 3C CD 0A AD 00 04 00 8C 00 
42 21 B1 13 6E 2E 92 53 FC 22 82 93 5C 23 07 24 
92 83 5C 23 04 20 03 43 32 D2 03 43 03 43 82 93 
06 23 0E 24 00 18 5A 92 F8 22 0A 20 82 93 1A 23 
03 20 B1 13 B2 16 04 3C 32 C2 03 43 03 43 FF 3F 
0A 16 10 01 3A 14 CA 0F C8 0D C9 0E C7 0C 80 13 
50 23 40 18 C2 47 6C 21 87 10 87 11 40 18 C2 47 
6D 21 40 18 C2 48 6E 21 88 10 40 18 C2 48 6F 21 
40 18 C2 49 70 21 89 10 40 18 C2 49 71 21 40 18 
C2 4A 72 21 8A 10 8A 11 40 18 C2 4A 73 21 7C 40 
F4 00 8D 00 6C 21 0E 43 0F 43 B1 13 AC 2B 8C 00 
6C 21 0D 43 B1 13 EA 2C 40 18 5C 42 6D 21 0D 43 
B1 13 2A 2A 40 18 5F 42 6F 21 8F 10 40 18 59 42 
6C 21 0A 43 0A 5F 40 18 5F 42 6E 21 0A 5F 09 5C 
0A 6D 80 13 54 23 CC 09 CD 0A 37 16 10 01 0A 14 
DC 03 47 24 BC 00 08 00 CA 0C 1E 42 30 23 1F 42 
32 23 1E FA 04 00 1F FA 06 00 0F 93 02 20 0E 93 
34 24 00 18 CA 93 00 00 2C 20 1E 42 30 23 1F 42 
32 23 1E FA 04 00 1F FA 06 00 0F 93 02 20 0E 93 
28 24 00 18 CA 93 00 00 24 20 1E 42 30 23 1F 42 
32 23 3E E3 3F E3 8A FE 04 00 8A FF 06 00 B1 13 
E4 30 92 5A 04 00 20 23 92 6A 06 00 22 23 CC 0A 
B1 13 52 22 92 53 2C 23 82 63 2E 23 B1 13 76 05 
08 3C 32 C2 03 43 03 43 FF 3F 32 C2 03 43 03 43 
FF 3F 0A 16 10 01 2A 14 C9 0E CE 0F C8 0C D8 03 
3E 24 DD 03 03 20 88 93 38 00 35 20 2E 93 03 20 
98 93 36 00 2C 20 98 98 36 00 34 00 02 28 2E 93 
24 20 5A 48 3B 00 8A 11 1F 48 34 00 B1 13 9E 17 
3A 93 0B 24 3A 90 7F 00 04 24 5A 53 C8 4A 3B 00 
12 3C 32 C2 03 43 03 43 FF 3F 88 93 22 00 0B 24 
CC 08 AC 00 22 00 B1 13 D2 09 0C 93 04 24 D9 03 
02 24 99 43 00 00 1C 43 0E 3C 0C 43 0C 3C 32 C2 
03 43 03 43 FF 3F 32 C2 03 43 03 43 FF 3F 32 C2 
03 43 03 43 FF 3F 28 16 10 01 2A 14 F1 03 C9 0D 
CA 0C 80 13 50 23 CC 09 B1 13 B8 1B 0C 93 34 24 
3F 40 07 00 1F F9 12 00 2F 92 22 24 3E 09 06 00 
00 18 5E 99 0A 00 07 28 CC 09 B1 13 A2 25 0C 93 
20 20 3E 09 06 00 CF 0E AE 00 01 00 79 0E 06 00 
48 4A CF 48 00 00 A9 B3 12 00 08 24 3A 90 0A 00 
05 20 CC 09 B1 13 A2 25 0C 93 0B 20 CA 08 0E 3C 
C1 4A 00 00 2C 49 CD 01 1E 43 B1 13 C6 2A 3C 93 
05 20 B9 D0 00 04 12 00 3A 43 01 3C 4A 4A 80 13 
54 23 CC 0A E1 03 28 16 10 01 6A 14 B1 00 16 00 
C5 0F C8 0E C4 0D 71 0C 12 00 37 01 38 00 16 41 
36 00 CC 08 0D 43 5C 02 0D 6D 5C 02 0D 6D B1 13 
02 07 C9 0C D9 03 0F 24 3C 40 56 00 0D 43 B1 13 
02 07 CA 0C DA 03 04 20 CC 09 B1 13 72 19 04 3C 
7A 09 2E 00 01 3C 0A 43 DA 03 02 20 3C 43 16 3C 
71 05 00 00 81 46 04 00 71 07 06 00 71 0A 0A 00 
00 18 C1 43 0E 00 CE 08 0F 43 3C 01 12 00 CD 04 
B1 13 1E 0B CC 0A B1 13 1C 10 1C 43 A1 00 16 00 
64 16 10 01 0A 14 F1 03 CA 0C 3F 43 2F 9A 09 24 
1D 4A 12 00 3D B0 10 00 06 24 3D D0 00 04 8A 4D 
12 00 0C 43 2F 3C 3D B0 80 00 07 24 0D 43 0E 43 
2F 43 B1 13 FA 20 1D 4A 12 00 0C 43 3D B0 20 00 
07 20 3D B0 40 00 04 24 3D D0 20 00 8A 4D 12 00 
00 18 CA 93 02 00 0D 20 2D B2 0B 20 3F 40 00 01 
81 43 00 00 3E 40 07 00 0E FD CC 0A 0D 43 B1 13 
52 0C 00 18 DA 4A 0A 00 0E 00 0F 43 0C 93 01 20 
1F 43 CC 0F E1 03 0A 16 10 01 5A 14 CA 0E C8 0D 
C5 0C 36 01 1C 00 09 43 37 40 20 00 1A 93 1A 38 
0E 43 0C 3C 6D 48 CC 05 CE 06 B1 13 18 2C 19 53 
A8 00 01 00 1C 3C 1E 53 AD 00 01 00 CD 93 00 00 
FA 23 0E 9A 02 34 0A 8E 01 3C 0A 43 2F B3 02 24 
37 40 30 00 1F B3 0B 20 1A 93 09 38 CC 05 CD 07 
CE 06 B1 13 18 2C 19 53 1A 83 1A 93 F7 37 C8 93 
00 00 D8 23 1A 93 09 38 CC 05 CD 07 CE 06 B1 13 
18 2C 19 53 1A 83 1A 93 F7 37 CC 09 55 16 10 01 
0A 14 B1 00 0A 00 B1 13 20 2E 81 4C 06 00 81 4D 
08 00 CC 01 AC 00 06 00 3D 40 32 00 0E 43 B1 13 
F8 14 0A 43 B1 13 EA 30 32 C2 03 43 03 43 3A B0 
00 80 0F 7F 3F E3 1F 92 7A 21 04 38 1B 20 1A 92 
78 21 18 2C 00 18 F1 40 E0 80 00 00 CF 0A 1A 43 
0A 5F 5F 4F 00 1C 81 4F 04 00 B1 13 6C 2F 3A B0 
00 80 0F 7F 3F E3 1F 92 7A 21 EC 3B 03 20 1A 92 
78 21 E8 2B 03 43 32 D2 03 43 03 43 D5 3F 03 43 
3A 14 C7 0E C8 0C D8 03 34 24 DD 03 03 20 88 93 
38 00 2B 20 19 48 34 00 09 93 25 24 5A 48 3A 00 
8A 11 B1 13 82 2C 19 83 88 49 34 00 3A 93 0B 24 
3A 90 7F 00 04 24 5A 53 C8 4A 3A 00 12 3C 32 C2 
03 43 03 43 FF 3F 88 93 10 00 0B 24 CC 08 AC 00 
10 00 B1 13 D2 09 0C 93 04 24 D7 03 02 24 97 43 
00 00 1C 43 0A 3C 0C 43 08 3C 32 C2 03 43 03 43 
FF 3F 32 C2 03 43 03 43 FF 3F 37 16 10 01 3A 14 
40 18 1A 42 5C 01 40 18 B2 40 80 5A 5C 01 8F 00 
86 81 9F 00 92 81 25 24 89 00 98 81 8F 00 A8 81 
D9 0F 1F 24 CE 09 0F 19 4E 10 0E 4E 0C 4F 0F 19 
4F 10 0C 89 0D 4F 0D 7E B1 13 00 2A C8 0C C7 0D 
0C 09 7F 4C 5F 06 00 18 5F 4F 86 81 A9 00 04 00 
0D 09 4F 13 A9 00 04 00 18 83 07 73 F1 23 08 93 
EF 23 7A C2 3A D0 08 5A 40 18 82 4A 5C 01 B1 13 
F2 30 37 16 10 01 2A 14 B1 00 04 00 08 43 09 43 
00 18 C1 43 00 00 B1 13 EA 30 CA 0C 1D 3C 1E 4A 
34 00 3E B0 00 80 0F 7F 3F E3 08 5E 09 6F 32 C2 
03 43 03 43 9A 43 32 00 9A 5A 34 00 36 00 03 43 
32 D2 03 43 03 43 1D 4A 34 00 3D B0 00 80 0E 7E 
3E E3 CC 01 B1 13 F8 14 9A 93 32 00 FD 37 B1 13 
20 2E 0D 93 DC 3B 03 20 3C 90 33 00 D8 2B 0C 43 
B1 13 3C 18 A1 00 04 00 28 16 10 01 2A 14 B1 00 
04 00 08 43 09 43 00 18 C1 43 00 00 B1 13 EA 30 
CA 0C 1D 3C 1E 4A 34 00 3E B0 00 80 0F 7F 3F E3 
08 5E 09 6F 32 C2 03 43 03 43 AA 43 32 00 9A 5A 
34 00 36 00 03 43 32 D2 03 43 03 43 1D 4A 34 00 
3D B0 00 80 0E 7E 3E E3 CC 01 B1 13 F8 14 9A 93 
32 00 FD 37 B1 13 20 2E 0D 93 DC 3B 03 20 3C 90 
33 00 D8 2B 0C 43 B1 13 3C 18 A1 00 04 00 28 16 
10 01 2A 14 B1 00 04 00 08 43 09 43 00 18 C1 43 
00 00 B1 13 EA 30 CA 0C 1D 3C 1E 4A 34 00 3E B0 
00 80 0F 7F 3F E3 08 5E 09 6F 32 C2 03 43 03 43 
AA 43 32 00 9A 5A 34 00 36 00 03 43 32 D2 03 43 
03 43 1D 4A 34 00 3D B0 00 80 0E 7E 3E E3 CC 01 
B1 13 F8 14 9A 93 32 00 FD 37 B1 13 20 2E 0D 93 
DC 3B 03 20 3C 90 33 00 D8 2B 0C 43 B1 13 3C 18 
A1 00 04 00 28 16 10 01 2A 14 78 4C 09 43 14 3C 
0B 4B CE 0D FE 0B BE 00 01 00 AD 00 01 00 FD 4E 
FF FF 1F 83 FA 23 04 3C AD 00 01 00 FD 4C FF FF 
58 03 19 53 39 92 E9 37 18 B3 F6 23 7B 4C 7F 4C 
CE 0B 5E 0E CB 0F 5B 0F 3B F0 0F 00 0B DE 3F F0 
0F 00 3F 50 03 00 3F 90 12 00 0C 20 7E 4C 3E B0 
80 00 07 24 7A 4C 3E F0 7F 00 4A 4A 46 18 0A 5A 
0E DA 0F 5E 3B 90 FF 0F CB 23 28 16 10 01 1A 14 
B1 00 64 00 C9 0D CA 0C 80 13 50 23 CC 01 CD 0A 
B1 13 44 30 CC 0A B1 13 56 30 1A 43 0A 5C CF 01 
CC 0A 4C 0E 4C 0D EC 0F CD 09 B1 13 44 30 CC 09 
B1 13 56 30 0C 5A 1C 53 CF 0C 7C 40 F7 00 8D 00 
6C 21 CE 01 B1 13 AC 2B 8C 00 6C 21 0D 43 B1 13 
EA 2C 40 18 5F 42 6C 21 40 18 5A 42 6D 21 47 18 
0A 5A 0A 5F 80 13 54 23 CC 0A A1 00 64 00 19 16 
10 01 3A 14 C9 0C 28 49 3A 40 00 10 1A F9 12 00 
38 93 04 24 B1 13 A2 25 0C 93 02 24 3C 43 29 3C 
B9 B2 12 00 08 24 3C 09 02 00 BC 00 01 00 B1 13 
86 08 B9 C2 12 00 00 18 C9 43 02 00 00 18 C9 43 
06 00 00 18 C9 43 0A 00 2C 49 B1 13 BE 26 C7 0C 
B9 43 00 00 0A 93 0C 24 80 13 50 23 CC 08 5C 0E 
4C 0E 4C 0D AC 00 00 20 B1 13 1C 2D 80 13 54 23 
CC 07 37 16 10 01 3A 14 C7 0F C8 0D C9 0E CA 0C 
80 13 50 23 3F 43 2F 9A 28 24 17 93 16 20 BA B0 
10 00 12 00 12 24 3D 0A 06 00 DD 03 0E 24 CF 0D 
0F 19 4F 10 0C 4F 3F 0A 0E 00 0E 4F 0F 19 4F 10 
0E 8D 0F 4F 0F 7C 08 8E 09 7F CC 0A B1 13 A2 25 
BA F0 FF F5 12 00 2C 4A CD 08 CE 09 CF 07 B1 13 
4C 2A 3D 93 04 20 3C 93 02 20 3A 43 01 3C 0A 43 
80 13 54 23 CC 0A 37 16 10 01 4F 4C 5F 02 40 18 
1F 4F 04 81 5C B3 02 20 4D 4D 8D 10 CC 0F 2C 52 
0C 4C 8C CD 00 00 4E 4E 1E 83 1C 24 1E 83 0E 24 
1E 83 23 20 CE 0F 3E 50 0A 00 0E 4E 8E DD 00 00 
3F 50 0C 00 0F 4F 8F DD 00 00 17 3C CE 0F 3E 50 
0A 00 0E 4E 8E CD 00 00 3F 50 0C 00 0F 4F 8F DD 
00 00 0B 3C CE 0F 3E 50 0A 00 0E 4E 8E DD 00 00 
3F 50 0C 00 0F 4F 8F CD 00 00 10 01 4F 4C 5F 02 
40 18 1F 4F 04 81 5C B3 02 20 4D 4D 8D 10 CC 0F 
2C 52 0C 4C 8C DD 00 00 4E 4E 1E 83 1C 24 1E 83 
0E 24 1E 83 23 20 CE 0F 3E 50 0A 00 0E 4E 8E DD 
00 00 3F 50 0C 00 0F 4F 8F DD 00 00 17 3C CE 0F 
3E 50 0A 00 0E 4E 8E CD 00 00 3F 50 0C 00 0F 4F 
8F DD 00 00 0B 3C CE 0F 3E 50 0A 00 0E 4E 8E DD 
00 00 3F 50 0C 00 0F 4F 8F CD 00 00 10 01 8E 00 
64 21 01 3C 0E 0E 00 18 CE 9C 00 00 FB 2B CF 0E 
00 18 5F 5E 04 00 DF 0C 07 20 9E 5C 04 00 04 00 
9E 6C 06 00 06 00 CC 0E CF 0C 00 18 5F 5C 04 00 
00 18 6F 9E 15 20 00 18 E2 9E 1C 23 05 20 00 18 
DC 42 1C 23 00 00 0F 3C 0F 0E 9C 5F 04 00 04 00 
9C 6F 06 00 06 00 0F 0E 00 18 EC 4F 00 00 03 3C 
00 18 EC 4E 00 00 DE 0C 02 24 7E 0C 00 00 10 01 
2A 14 C9 0E CA 0D C8 0C 80 13 50 23 40 18 C2 49 
6C 21 CF 09 8F 10 8F 11 40 18 C2 4F 6D 21 40 18 
C2 4A 6E 21 8A 10 40 18 C2 4A 6F 21 CC 08 B1 13 
56 30 1F 43 0F 5C 7C 40 F0 00 8D 00 6C 21 CE 08 
B1 13 AC 2B 8C 00 6C 21 0D 43 B1 13 EA 2C 40 18 
5F 42 6C 21 40 18 5A 42 6D 21 47 18 0A 5A 0A 5F 
80 13 54 23 0A 93 01 34 C9 0A CC 09 28 16 10 01 
3A 14 B1 00 04 00 C7 0E C8 0D C9 0C 0A 43 09 93 
22 24 CE 09 0F 43 3C 43 3D 43 B1 13 18 27 0D 93 
02 20 0C 98 18 28 CC 09 CD 08 B1 13 84 2F 0D 43 
3C 50 40 00 0D 63 B1 13 02 07 CA 0C DA 03 0D 24 
CE 0A AE 00 40 00 71 0A 00 00 CC 09 CD 08 CF 07 
B1 13 CE 2D 02 3C DA 03 02 24 CC 0A 04 3C 32 C2 
03 43 03 43 FF 3F A1 00 04 00 37 16 10 01 2A 14 
C9 0E C8 0D CA 0C 80 13 50 23 39 90 01 01 02 28 
39 40 00 01 40 18 C2 4A 6C 21 8A 10 8A 11 40 18 
C2 4A 6D 21 40 18 C2 49 6E 21 CF 09 8F 10 40 18 
C2 4F 6F 21 7C 40 F3 00 8D 00 6C 21 CE 08 CF 09 
B1 13 AC 2B 8C 00 6C 21 0D 43 B1 13 EA 2C 40 18 
5F 42 6C 21 40 18 5A 42 6D 21 47 18 0A 5A 0A 5F 
80 13 54 23 CC 0A 28 16 10 01 2A 14 CA 0E C8 0D 
C9 0C 80 13 50 23 3A 90 01 01 02 28 3A 40 00 01 
40 18 C2 49 6C 21 89 10 89 11 40 18 C2 49 6D 21 
40 18 C2 4A 6E 21 8A 10 40 18 C2 4A 6F 21 7C 40 
F2 00 8D 00 6C 21 0E 43 0F 43 B1 13 AC 2B 8C 00 
6C 21 CD 08 B1 13 EA 2C 40 18 5F 42 6C 21 40 18 
5A 42 6D 21 47 18 0A 5A 0A 5F 80 13 54 23 CC 0A 
28 16 10 01 B2 40 00 A5 60 01 4C 4C 1C 83 1C 24 
1C 83 0F 24 2C 83 26 20 B2 F0 8F FF 64 01 5D 0E 
82 DD 64 01 B2 F0 8F FF 66 01 5E 0E 82 DE 66 01 
19 3C B2 F0 F8 FF 64 01 82 DD 64 01 B2 F0 F8 FF 
66 01 82 DE 66 01 0E 3C B2 F0 FF F8 64 01 4D 4D 
8D 10 82 DD 64 01 B2 F0 FF F8 66 01 4E 4E 8E 10 
82 DE 66 01 C2 43 61 01 10 01 2A 14 B1 00 0A 00 
C8 0C 0C 08 3D 40 3A 00 B1 13 34 2F C9 0C D9 03 
1F 24 0A 49 2A 88 3A 90 09 00 01 38 3A 42 0D 08 
CE 0A 3E B0 00 80 0F 7F 3F E3 CC 01 B1 13 62 28 
CF 01 4A 0E 4A 0D EA 0F CA 43 00 00 CC 01 B1 13 
E2 2B DC 03 05 24 A9 00 01 00 78 09 00 00 02 3C 
8C 00 44 22 A1 00 0A 00 28 16 10 01 0A 14 0A 43 
3A 90 05 00 0E 2C CC 0A 3D 40 12 00 B1 13 84 2F 
0C 4C AC 00 A0 20 B1 13 78 2D 1A 53 3A 90 05 00 
F2 2B 8C 00 FA 20 B1 13 78 2D 8C 00 0C 21 B1 13 
78 2D 8C 00 1E 21 B1 13 78 2D 8C 00 42 21 B1 13 
78 2D 8C 00 30 21 B1 13 78 2D 00 18 F2 40 FA 20 
5C 21 00 18 F2 40 0C 21 60 21 0A 16 10 01 0A 14 
CA 0C 2F 4A 3F 93 19 24 1B 4A 12 00 0C 43 3B B0 
20 00 0D 24 3D 0A 02 00 DD 03 09 24 1E 4A 06 00 
0E 8D 05 24 CC 0F B1 13 C6 2A 1B 4A 12 00 0C 93 
06 34 3B D0 00 04 8A 4B 12 00 3C 43 0E 3C 3F 0A 
02 00 7A 0F 0E 00 7A 0F 06 00 3B B0 40 00 04 24 
3B F0 CF FF 8A 4B 12 00 0C 43 0A 16 10 01 1A 14 
09 43 3A 40 E8 03 1B 43 3B 90 05 00 1E 2C CC 0B 
3D 40 12 00 B1 13 84 2F 0F 4C AF 00 A0 20 3E 0F 
0A 00 0A 3C 3D 0E 0C 00 1A 9D 36 00 03 38 1A 4D 
36 00 C9 0D 3E 0E 04 00 CD 0F AD 00 06 00 DE 0D 
F1 23 1B 53 3B 90 05 00 E2 2B D9 03 05 24 60 09 
F8 22 92 49 2C 00 04 23 19 16 10 01 B1 00 06 00 
81 43 00 00 00 18 F1 40 16 23 02 00 8C 01 F4 2F 
8D 00 CA 80 3E 40 55 00 0F 43 B1 13 2E 1B 1C 93 
06 24 3C 93 14 20 32 C2 03 43 03 43 FF 3F 32 C2 
03 43 03 43 B2 43 12 23 B2 43 14 23 92 43 06 23 
00 18 C2 43 00 23 B1 13 68 30 B1 13 E2 16 40 18 
1F 42 28 81 A1 00 06 00 10 01 0A 14 CA 0C 0A 93 
03 38 3A 90 0A 00 02 38 3A 43 21 3C 80 13 50 23 
CC 0A 3D 40 06 00 B1 13 84 2F 4C 0E 4C 0D AC 00 
BC 22 CA 0C 0F 0A DF 03 02 20 3A 43 0E 3C 1C 4A 
04 00 AF 00 10 00 6F 13 3C 93 06 24 0F 0A 9F C3 
0A 00 00 18 CA 43 00 00 CA 0C 80 13 54 23 CC 0A 
0A 16 10 01 0A 14 09 14 09 43 0A 43 1B 43 0F 93 
04 24 09 4D 0D 4C 0C 43 0D 3C 5C 02 0D 6D 09 69 
09 8E 04 28 1C D3 5B 02 F8 2B 03 3C 09 5E 5B 02 
F4 2B 1B 43 5C 02 0D 6D 09 69 0A 6A 09 8E 0A 7F 
04 28 1C D3 5B 02 F6 2B 04 3C 09 5E 0A 6F 5B 02 
F1 2B 0E 49 0F 4A 09 16 0A 16 10 01 0A 14 2B 4D 
1E 4D 02 00 3E 93 02 20 3B 93 0E 24 CF 0C AF 00 
06 00 3A 0F 04 00 1E 9A 02 00 08 28 02 20 2B 9A 
05 28 3F 0F 04 00 F5 3F 3F 0C 0E 00 00 18 DD 4F 
04 00 04 00 3E 0D 04 00 7E 0D 08 00 7D 0F 08 00 
7F 0D 04 00 7D 0C 10 00 9C 53 00 00 0A 16 10 01 
0A 14 82 93 FC 22 22 24 32 C2 03 43 03 43 92 53 
5C 23 2F 00 4C 21 3A 0F 0C 00 CC 0A AC 00 04 00 
B1 13 3C 2B 92 83 FE 22 92 83 FC 22 82 93 5C 23 
07 24 92 83 5C 23 04 20 03 43 32 D2 03 43 03 43 
CC 0A B1 13 DE 2F 82 93 FC 22 DE 23 0A 16 10 01 
0A 14 CA 0C 80 13 50 23 40 18 C2 4A 6C 21 8A 10 
8A 11 40 18 C2 4A 6D 21 7C 40 F1 00 8D 00 6C 21 
0E 43 0F 43 B1 13 AC 2B 8C 00 6C 21 0D 43 B1 13 
EA 2C 40 18 5F 42 6C 21 40 18 5A 42 6D 21 47 18 
0A 5A 0A 5F 80 13 54 23 CC 0A 0A 16 10 01 0A 14 
0F 93 02 20 0E 93 20 24 CB 0C 6A 4D AB 00 01 00 
CB 4A FF FF 0A 93 07 24 AD 00 01 00 1E 83 0F 73 
F4 23 0E 93 F2 23 CA 0E CD 0F 1E 83 0F 73 0D 93 
02 20 2A 93 09 28 AB 00 01 00 CB 43 FF FF 1E 83 
0F 73 F9 23 0E 93 F7 23 0A 16 10 01 0A 14 CA 0C 
B1 13 56 30 0D 43 0D 9C 1C 34 82 93 7A 21 05 38 
18 20 B2 90 00 04 78 21 14 2C 1E 42 78 21 1F 42 
7A 21 CB 0E 1B 53 0F 63 82 4B 78 21 82 4F 7A 21 
CF 0D 4F 0E 4F 0D EF 0A EE 4F 00 1C 1D 53 0D 9C 
E4 3B 0A 16 10 01 0A 14 CA 0C 40 18 82 93 60 23 
0A 24 3E 40 FF FF 3F 40 FF FF 3F 93 02 20 3E 93 
02 24 BF 13 FF FF 80 13 50 23 00 18 C2 93 4C 23 
03 24 CC 0A 80 13 4C 23 00 18 C2 93 48 23 02 24 
80 13 48 23 80 13 54 23 B1 13 DE 30 0A 16 10 01 
0A 14 CA 0C 80 13 50 23 CC 0A B1 13 56 30 1F 43 
0F 5C 7C 40 F5 00 8D 00 6C 21 CE 0A B1 13 AC 2B 
8C 00 6C 21 0D 43 B1 13 EA 2C 40 18 5F 42 6C 21 
40 18 5A 42 6D 21 47 18 0A 5A 0A 5F 80 13 54 23 
CC 0A 0A 16 10 01 1A 14 39 40 FE FF 3A 43 29 FC 
1A FC 02 00 8F 00 74 21 04 3C 2E 42 00 18 6E 5F 
CF 0E 0B 0F DB 03 0B 24 3D 40 FE FF 3E 43 2D FB 
1E FB 02 00 0E 9A F1 2B 02 20 0D 99 EE 2B 00 18 
EC 4F 04 00 7F 0C 00 00 19 16 10 01 5D 01 5C 00 
5D 01 5C 00 5D 01 5C 00 5D 01 5C 00 5D 01 5C 00 
5D 01 5C 00 5D 01 5C 00 5D 01 5C 00 5D 01 5C 00 
5D 01 5C 00 5D 01 5C 00 5D 01 5C 00 5D 01 5C 00 
5D 01 5C 00 5D 01 5C 00 10 01 5C 02 0D 6D 5C 02 
0D 6D 5C 02 0D 6D 5C 02 0D 6D 5C 02 0D 6D 5C 02 
0D 6D 5C 02 0D 6D 5C 02 0D 6D 5C 02 0D 6D 5C 02 
0D 6D 5C 02 0D 6D 5C 02 0D 6D 5C 02 0D 6D 5C 02 
0D 6D 5C 02 0D 6D 10 01 1A 14 C9 0D CA 0E 0C 93 
16 38 3C 90 0A 00 13 34 3D 40 06 00 B1 13 84 2F 
4C 0E 4C 0D AC 00 BC 22 0B 0C DB 03 08 24 1C 4C 
04 00 CD 09 CE 0A AB 00 1C 00 6B 13 02 3C 3C 43 
3D 43 19 16 10 01 2A 14 0F 93 02 20 0E 93 17 24 
09 43 08 43 CB 08 0F 18 4B 5B 00 18 4B D9 EB 0D 
CA 08 0F 18 4A 5A 00 18 4A D9 EA 0C EA 4B 00 00 
19 53 08 63 08 9F EE 2B 02 20 09 9E EB 2B 28 16 
10 01 0A 14 CB 0E CA 0D 0C 93 16 38 3C 90 0A 00 
13 34 3D 40 06 00 B1 13 84 2F 4C 0E 4C 0D AC 00 
BC 22 0F 0C DF 03 08 24 1C 4C 04 00 CD 0A CE 0B 
AF 00 18 00 6F 13 01 3C 3C 43 0A 16 10 01 B2 40 
00 A5 60 01 92 C3 68 01 B2 D0 C0 00 68 01 B2 F0 
EF FF 68 01 04 3C D2 C3 6A 01 E2 C3 02 01 D2 B3 
6A 01 F9 23 3F 40 3F FF 1F F2 68 01 0C DF 82 4C 
68 01 C2 43 61 01 10 01 3F 0C 10 00 3E 0C 04 00 
00 18 DE 4C 08 00 08 00 3E 0C 08 00 00 18 DE 4C 
04 00 04 00 00 18 CF 9C 02 00 04 20 00 18 DF 4C 
08 00 02 00 00 18 CC 43 10 00 9F 83 00 00 2C 4F 
10 01 1A 14 8C 00 7C 21 B1 13 86 20 40 18 A2 93 
5E 23 10 38 8A 00 90 21 19 43 8A 93 00 00 03 38 
CC 0A B1 13 86 20 AA 00 14 00 19 53 40 18 19 92 
5E 23 F3 3B 19 16 10 01 40 18 82 4F 00 78 40 18 
C2 4C 02 78 8C 00 03 78 3B 42 AC 00 01 00 FC 4D 
FF FF 1B 83 FA 23 0F 93 08 24 8D 00 0B 78 AD 00 
01 00 FD 4E FF FF 1F 83 FA 23 03 43 10 01 3A 14 
C7 0C C7 93 00 00 13 24 89 00 6C 22 2A 43 08 43 
CC 09 CD 07 B1 13 50 2F 0C 93 02 20 CC 09 08 3C 
A9 00 28 00 1A 83 08 73 F3 23 0A 93 F1 23 0C 43 
37 16 10 01 CF 0C CC 0D DF 03 14 24 DE 03 0B 24 
00 18 CF 9E 00 00 10 2C 0E 0F CE 4C 00 00 00 18 
DF 53 00 00 09 3C 0E 0F CE 4C 00 00 00 18 DF 53 
00 00 02 3C B1 13 C8 30 10 01 4F 4C 5F 02 40 18 
1F 4F 04 81 5C B3 02 20 4D 4D 8D 10 CE 0F 3E 50 
0A 00 0E 4E 8E CD 00 00 CE 0F 3E 50 0C 00 0E 4E 
8E CD 00 00 2F 52 0F 4F 8F DD 00 00 10 01 CF 0C 
CC 0D 8F 93 38 00 14 24 1E 4F 38 00 00 18 CF 5E 
0C 00 00 18 DF 9F 08 00 0C 00 03 28 00 18 EF 4F 
0C 00 3D 0F 0C 00 1E 4F 38 00 0F 43 B1 13 8A 2A 
10 01 0F 43 0D 93 02 20 0C 93 0B 24 82 93 1A 23 
0D 20 B1 13 E4 30 0E 43 B1 13 72 13 B1 13 76 05 
CF 0C 0F 93 07 20 B1 13 B2 16 04 3C 32 C2 03 43 
03 43 FF 3F 10 01 40 18 1F 42 00 78 8B 00 02 78 
3E 42 AC 00 01 00 FC 4B FF FF 1E 83 FA 23 DD 03 
0A 24 0F 93 08 24 8E 00 0A 78 AD 00 01 00 FD 4E 
FF FF 1F 83 FA 23 10 01 0A 14 B1 00 04 00 71 0C 
00 00 80 13 50 23 CC 01 B1 13 DE 24 CF 0C 3C 01 
00 00 AF 00 20 00 6F 13 CA 0C 80 13 54 23 CC 0A 
A1 00 04 00 0A 16 10 01 0B 43 0D 93 03 34 3D E3 
1D 53 1B D3 0C 93 03 34 3C E3 1C 53 3B E3 B1 13 
0A 30 1B B3 02 24 3C E3 1C 53 2B B3 02 24 3E E3 
1E 53 10 01 CF 0C AF 00 06 00 7C 0F 02 00 BC 43 
06 00 BC 43 08 00 CF 0C AF 00 06 00 7C 0F 0A 00 
CF 0C AF 00 06 00 7C 0F 0E 00 8C 43 00 00 10 01 
8F 00 74 21 04 3C 2E 42 00 18 6E 5F CF 0E 0E 0F 
DE 03 02 24 DE 0C F7 23 00 18 CF 93 00 00 04 24 
00 18 DF 4C 04 00 00 00 10 01 1A 14 C9 0F 3A 01 
0C 00 0D 93 01 20 CE 0A 7A 0E 00 00 8A 4C 36 00 
8A 4D 38 00 CC 0A 1D 43 B1 13 FE 10 CA 49 3E 00 
19 16 10 01 2F 00 5C 21 8F 93 00 00 05 20 B2 43 
12 23 B2 43 14 23 09 3C 2F 00 5C 21 3F 0F 0A 00 
A2 4F 12 23 92 4F 02 00 14 23 10 01 32 C2 03 43 
03 43 92 53 5C 23 1C 42 00 23 1D 42 02 23 82 93 
5C 23 07 24 92 83 5C 23 04 20 03 43 32 D2 03 43 
03 43 10 01 82 43 40 03 B2 40 00 01 40 03 A2 D2 
40 03 B2 40 20 00 52 03 B2 40 10 00 42 03 A2 D2 
40 03 B2 D0 10 00 40 03 10 01 3F 0C 02 00 7D 0F 
04 00 00 18 DD 4F 08 00 08 00 3E 0F 08 00 7E 0D 
04 00 7F 0D 08 00 7D 0C 10 00 9C 53 00 00 10 01 
1F 4C 01 00 1E 4C 03 00 0E 93 02 20 0F 93 09 24 
AD 00 01 00 CD 43 FF FF 1F 83 0E 73 F9 23 0F 93 
F7 23 10 01 FC 03 7C 0D 00 00 FC 03 BC 42 00 00 
BC 00 04 00 BC 00 0C 00 7C 0E 00 00 BC 00 24 00 
00 18 CC 43 00 00 10 01 CB 0C 0F 93 02 20 0E 93 
0A 24 4D 4D AB 00 01 00 CB 4D FF FF 1E 83 0F 73 
F9 23 0E 93 F7 23 10 01 4F 4C 5F 02 40 18 1F 4F 
04 81 5C B3 02 20 4D 4D 8D 10 2F 53 0F 4F 8F CD 
00 00 10 01 DC 03 02 20 2C 00 F8 22 DC 03 03 24 
AC 00 38 00 04 3C 32 C2 03 43 03 43 FF 3F 10 01 
6F 4C 4D 4D 07 3C 0F 93 02 20 0C 43 10 01 AC 00 
01 00 6F 4C 4E 4D 0F 9E F6 23 10 01 CF 0C 6E 4F 
6B 4D 4C 4E 0C 8B 4E 93 06 24 AD 00 01 00 AF 00 
01 00 0C 93 F4 27 10 01 CE 01 AE 00 04 00 AE 00 
04 00 0C 43 3D 01 04 00 0F 43 B1 13 B6 03 10 01 
02 12 32 C2 03 43 82 4C C0 04 82 4D C8 04 1C 42 
CA 04 32 41 03 43 10 01 2F 4C 7F F0 7F 00 7F D0 
80 00 4F 4F 3F 50 00 5A 8C 4F 00 00 10 01 CF 0C 
CC 0D CD 0F AD 00 05 00 1E 4F 01 00 1F 4F 03 00 
80 01 8A 2A B1 00 04 00 00 18 F1 40 20 79 00 00 
3C 01 00 00 A1 00 04 00 10 01 0A 14 CA 0C 3C 0A 
2E 00 B1 13 72 19 CC 0A B1 13 72 19 0A 16 10 01 
B1 13 C4 27 A2 93 A0 20 02 28 B1 13 B2 16 B1 13 
A8 30 F6 3F 03 43 0E 43 0F 4C 1C 43 5F 02 0E 6E 
0E 9D 01 28 0E 8D 0C 6C F9 2B 10 01 B2 40 00 A5 
60 01 0C 5D 82 4C 62 01 C2 43 61 01 10 01 82 4C 
40 23 82 4D 42 23 82 4E 44 23 82 4F 46 23 10 01 
CF 0C 7E 4D AF 00 01 00 CF 4E FF FF 0E 93 F9 23 
10 01 3F 43 3D 43 1F 53 0D 63 7E 4C 0E 93 FB 23 
CC 0F 10 01 82 43 80 03 A2 D2 80 03 B2 40 E2 01 
80 03 10 01 3C 40 5C 01 B1 13 9C 2F 1C 43 10 01 
B1 13 34 0F B1 13 4C 0D 0C 43 10 01 CE 0C CF 0D 
2C 42 0D 43 80 01 F4 01 1C 43 0D 43 B1 13 B6 2C 
FB 3F 03 43 03 43 32 D0 F8 00 03 43 03 43 10 01 
32 C2 03 43 03 43 FF 3F 03 43 1C 42 00 23 1D 42 
02 23 10 01 8D 00 90 21 80 01 9E 1A 00 18 CC 43 
10 00 10 01 D2 C3 30 01 10 01 03 43 FF 3F 03 43 
92 53 1A 23 10 01 2C 00 F8 22 10 01 10 01 10 01 
10 01 
q
